id,target
133627,88.6810409932122
133629,33.60121139002341
133630,35.42099461989525
133631,32.37201235250235
133633,30.622245437230575
133634,41.602839106826664
133635,19.534603968607886
133637,33.88358875895244
133638,34.22087303646304
133639,31.88125358002063
133641,30.096614825754322
133642,36.25983609963235
133650,96.14438397986324
133649,34.74611840824486
133647,43.215732706627364
133645,36.01754848009972
133643,37.7719842611273
133646,34.74956597903808
133651,88.76447340199218
133653,39.79913523227762
133654,37.36476595186101
133655,36.39345607890204
133657,34.394013717218364
133658,33.57068639514368
133665,95.39571751894748
133666,41.817184385945495
133663,41.385822022386
133659,41.874889774025206
133661,42.24698128545907
133662,36.896025994628374
133667,90.85322264250071
133669,44.090575281856836
133670,42.573523736225
133671,38.281083161011324
133673,41.83449349414307
133674,40.826068957164125
133682,94.04511722657686
133681,44.89706297027348
133679,39.6597941681228
133678,40.92961774644276
133675,46.08135931225131
133677,38.96135843300565
133683,83.10025464531303
133685,40.72772292921954
133686,36.53532113974988
133687,38.31669586093606
133689,37.29302127438995
133690,36.00985870188675
133698,55.61519028072646
133695,29.96090789982857
133697,31.98311858315208
133693,34.377689070430094
133694,36.98479324929731
133691,28.89974261745641
133699,36.025340400977115
133701,23.105257463135285
133702,28.48850149495459
133703,32.32040180784327
133705,29.952146595695364
133706,23.036476880012366
133714,29.709739699971113
133713,21.940416189044665
133711,26.519744445640004
133710,32.48632259183613
133709,28.85570350144976
133707,23.45945686502266
133715,28.46106962424375
133717,22.631476475439214
133718,30.03743852701166
133719,34.89402398557417
133721,31.480017372015098
133722,23.94489452947225
133729,31.418226183843515
133727,27.906973847983608
133730,32.98907124312626
133725,35.06461901357389
133723,37.34450733004094
133726,29.654248490760207
133731,31.832655937610884
133733,31.380067119837335
133734,32.46764273038337
133735,35.319665317986534
133737,41.03226053391275
133738,31.857082910878482
133745,41.94740983237371
133743,42.10934403662775
133746,37.245049716549126
133741,37.46351521895096
133739,40.66312987662992
133742,39.613054357260594
133753,43.62086871262676
133751,50.28591219483856
133754,41.163772939016525
133749,35.53332594333986
133747,50.68923813962766
133750,48.097328259084236
133755,45.750117577530645
133757,56.34566158706116
133758,41.68644742401064
133759,36.9827520226946
133761,56.76307179080527
133762,54.71122668427164
133769,55.45578275416163
133770,63.73090363858153
133767,46.12585704287796
133765,42.78591877776891
133763,63.602874306239514
133766,61.607843549549926
133771,65.97719314610465
133773,72.85682864708347
133774,59.225656445648085
133775,48.28894580243371
133777,67.75062142268803
133778,73.25372241254047
133783,89.03727901656734
133786,80.89441186604346
133785,62.59806151604919
133779,56.11209188771823
133782,72.95410868689096
133781,78.13207035100228
133793,97.27782966605521
133794,70.93557384796054
133791,62.48820739938749
133787,48.7436744497833
133789,67.16645116054504
133790,67.76806867081294
133801,84.96524186901038
133802,57.48887124592356
133799,57.5589215440349
133798,43.68828761036323
133797,61.11417595344421
133795,56.319670358170455
133809,65.20775103109321
133810,47.28750566586092
133807,51.62932030293887
133803,43.02740676661028
133805,54.41312847866239
133806,49.444534759717506
133811,60.743126951700994
133813,38.32556198309945
133814,44.41508191748186
133815,43.5672698440824
133817,48.65601168105207
133818,40.382702867683655
133819,58.215183419270375
133820,36.386779014269784
133821,39.31581573104923
133822,34.18155512277424
133823,40.074566258791926
133824,36.85044387196074
133830,55.83356494509287
133828,30.74052737184464
133829,33.83222364367282
133826,33.93493345366251
133825,32.28635029118474
133827,30.161609722759987
133836,55.39371659559057
133835,27.177094937876475
133834,32.53155860030382
133831,34.848538393415645
133832,32.59495038149555
133833,27.47575589802454
133837,57.64498420790174
133838,29.422851552668053
133839,32.39061705738595
133840,35.533098174002575
133841,32.352411497748975
133842,28.820252353963063
133848,69.00003233793564
133847,43.82552526750966
133846,34.52717825252804
133844,38.71204865767669
133843,37.12529268434434
133845,33.10977807406857
133849,72.31570877643745
133850,41.75916296631284
133851,36.98217291590795
133852,36.78928071238556
133853,39.037310430294866
133854,45.350271344775564
133860,78.65925724571785
133859,48.44480804387294
133858,40.397451754845015
133856,43.57102336553004
133855,45.73453690530628
133857,52.782412192133336
133861,74.8899797094448
133862,52.97418193286803
133863,38.44855435846563
133864,42.93900380986965
133865,43.33502116145377
133866,51.6787954893232
133872,40.56446926756709
133871,35.84169131799774
133870,27.466584750299745
133868,32.90377090164898
133867,32.70607229579699
133869,40.28325130034877
133877,25.95625799867846
133873,13.25536060863472
133874,17.957123882119582
133875,26.08886153100045
133876,19.286644395700463
133878,17.308653917101083
133883,23.24344153897145
133884,8.794331311679679
133882,12.644410591834601
133880,26.501580040327113
133881,17.009952737349526
133879,10.521581774877149
133885,34.142135050635765
133886,11.518586607542344
133887,13.528595274293925
133888,27.262276107063883
133889,18.09147989279672
133890,11.450036574950772
133896,43.22134651015822
133895,20.43977149677783
133894,20.287467592243008
133891,28.300862313142098
133892,16.17001098013564
133893,16.126147409861716
133901,44.499520582695546
133902,27.91912817928624
133900,25.15931633053787
133897,27.914984564340607
133898,22.626107813388437
133899,25.05913541264968
133903,64.4200730817316
133904,34.735318017017235
133905,27.752936478697414
133906,28.08015017784149
133907,25.834498463223994
133908,35.40510764345395
133913,63.483095496685785
133914,40.36237794538171
133912,34.22735814464883
133909,31.787608485449624
133910,31.224377459226353
133911,37.35962277434014
133915,56.13822875354173
133916,42.94965400354804
133917,35.42020741359068
133918,30.352780819522703
133919,36.971579456300745
133920,42.42489266697752
133926,67.1734456599196
133925,48.93129367690181
133924,39.21269956312791
133922,34.27412806865807
133921,47.910542358106575
133923,50.7855440808908
133927,82.34621963513355
133928,66.55856776077584
133929,47.75616705585241
133930,41.346199239976286
133931,62.28752193484033
133932,68.12251129890167
133937,109.25228059379457
133938,81.76337213756952
133936,60.29344727967632
133933,58.83048012406296
133934,80.38970935975239
133935,80.0708856914508
133939,114.36659274510795
133940,71.31358781193933
133941,58.841481122350515
133942,57.70512865452069
133943,75.27019278599073
133944,72.31919513022312
133950,88.35313460676959
133949,61.63001277040985
133948,54.91498541886765
133946,55.29674929774609
133945,72.56256154118215
133947,54.45020799658256
133951,66.34295572921306
133952,50.13664618511873
133953,46.00275326837483
133954,53.701885406826705
133955,62.29681541539719
133956,48.844564889389275
133962,58.89745145673828
133961,41.78146240649062
133960,42.22111960425921
133958,40.36210099632592
133957,55.12266333979708
133959,38.25548811785882
133963,50.67632316308753
133964,33.11151232329852
133965,36.57097937171072
133966,26.57136832535148
133967,38.616389565584655
133968,37.347092954429414
133974,41.4685117235323
133973,30.381076188241913
133972,33.23318686169132
133971,28.31397656793272
133969,27.37207931430361
133970,30.67753020570152
133975,41.96927083353728
133976,33.37893562658111
133977,28.992019240316207
133978,33.172935527352536
133979,33.62593342520294
133980,30.323080793785106
133985,42.93439651501929
133986,34.67634121294672
133984,32.32278805822905
133982,34.792260111592284
133983,33.46611999466283
133981,32.159868738857895
133987,48.7796682587339
133988,39.01425985688442
133989,31.314703404505032
133990,34.92275211121502
133991,36.52830358021501
133992,32.037708736238926
133998,62.24161081055025
133997,43.774406379870356
133996,34.20464617972294
133994,40.08171384806004
133993,36.26086584616337
133995,38.24126417366355
133999,70.53782370312388
134000,64.16164204367217
134001,38.53616973178783
134002,39.0399214865974
134003,38.75205952428041
134004,54.13033767126943
134009,67.31277693178984
134010,65.3430304434263
134008,39.882044361044805
134006,43.69722926235988
134005,40.97380783575906
134007,53.355802940405894
134011,26.82992286955677
134012,41.79222143555106
134013,24.798995713299487
134014,29.13487219220741
134015,26.860801331430256
134016,37.831969562720616
134018,12.951289472209588
134017,7.862236358152117
134019,14.12509943967139
134020,23.298990369810667
134021,6.611886533140826
134022,10.302202979295789
134026,28.41867749776938
134025,6.340787938016673
134027,15.524471145217749
134023,25.314427352131815
134024,5.625526585704965
134028,6.94734090099621
134033,49.537099654827614
134034,10.641338676876437
134032,19.94075822247988
134031,27.359589658442033
134030,12.479031861603978
134029,12.792121965012901
134035,63.6405052880951
134036,21.280409521780122
134037,27.905585172507635
134038,29.23298960019006
134039,21.27731607225357
134040,21.34924097017086
134046,57.18312984638441
134045,31.150429714985645
134044,35.17100367045513
134042,31.663627420673496
134041,39.24314953210487
134043,30.06203733195524
134047,55.898627620855265
134048,39.89405787277285
134049,39.17611014973486
134050,32.888338509669964
134051,43.372378378907115
134052,38.9322989215087
134057,61.222186230990005
134058,47.70403526954705
134056,43.601758702191056
134055,31.680881931064448
134054,50.565606584266334
134053,48.71474455188142
134059,60.7304377326739
134060,52.1986225500659
134061,45.53836213488697
134062,35.65184283300658
134063,46.05995628083906
134064,50.72952367334832
134070,67.69922212795893
134069,58.221507857816
134068,50.57428619339005
134067,35.91913113130674
134066,56.117427471648114
134065,61.77953888727236
134071,77.27462524356977
134072,83.45020456304829
134073,62.76634811775354
134074,45.523584105098266
134075,62.85004177964586
134076,82.76685635577361
134080,116.1537262781885
134079,100.0875675888939
134081,78.4492220445146
134077,60.674378829365665
134078,83.81737014023972
134082,100.27187949488503
134087,106.3792025219683
134088,87.51738280191947
134086,75.23013612964581
134084,58.1788935000737
134085,78.12504542125605
134083,90.70391734476833
134089,73.47847210096268
134090,59.60377894119972
134091,54.29154359923631
134092,44.11968154501197
134093,66.57384118807376
134094,64.49603904207979
134100,55.99425248091327
134099,46.38299746285497
134098,44.57067021215307
134096,34.288078329235894
134095,46.55252093979489
134097,48.21124019368069
134101,43.36810676298028
134102,34.94756510814304
134103,40.247002883750596
134104,30.34479849263903
134105,30.98315514507622
134106,37.057188244255556
134111,34.83655231072774
134112,24.971964850353977
134110,26.03104065874944
134109,20.25347563035923
134108,21.857387840115194
134107,29.152869409627712
134113,28.33486509361613
134114,17.318728518829456
134115,21.723579123791534
134116,21.773407888675834
134117,17.352826486841725
134118,20.07191137763604
134124,27.75826055933213
134123,16.80367250846757
134122,18.88106285939923
134121,21.650405888506704
134120,19.209832481272322
134119,19.624357496090237
134125,25.49954309872389
134126,15.592239108881994
134127,19.77684772015173
134128,24.880804658662385
134129,22.27787122428321
134130,16.647877822722773
134135,26.788044002110134
134134,22.35976414789814
134136,20.196133296755278
134132,26.12983939676031
134131,27.746450810994205
134133,19.386937269122576
134137,32.30232283563758
134138,15.969073824319048
134139,23.28101892712515
134140,28.745403806627472
134141,32.91895012234012
134142,20.017242610923347
134148,38.96600426603315
134147,27.070926162595605
134146,27.948101683206062
134145,27.417417444215573
134144,30.47364672629469
134143,26.267491610994526
134149,35.48375461739342
134150,19.36359710044025
134151,28.19622396012212
134152,30.61449051138329
134153,36.11156692676355
134154,28.522419739165734
134159,-1.4222024394239767
134158,10.854286840033614
134160,14.70664731257802
134156,17.403029557501114
134155,18.980082780947793
134157,11.149191564694274
134161,-4.919039930844244
134162,-4.2448600545189965
134163,9.29782291540696
134164,16.88195005192732
134165,0.032948757125518924
134166,-2.47470392010466
134171,13.123247963345852
134170,-0.9444973182570156
134172,9.961679423898241
134168,18.517821012659173
134167,7.931768114354069
134169,-3.3999377764385237
134177,27.400375886203356
134176,10.622045859817414
134178,15.61561791108312
134174,24.741769665427924
134173,9.144163027040518
134175,5.781380423371733
134179,50.89234546127673
134180,30.00686337334138
134181,26.490918882932604
134182,24.920740138253194
134183,21.534662216560616
134184,26.13397349191392
134190,67.99842719659937
134189,48.30186444788308
134188,34.89480053318816
134187,29.32978664810215
134186,35.88672619230012
134185,46.35985839345656
134191,83.06181570677685
134192,62.17057176796201
134193,43.54142432064796
134194,37.12368032817088
134195,43.11660525939058
134196,57.28234839179413
134202,88.33098936723411
134201,65.78315925961468
134200,49.24933175965077
134199,33.97351251094949
134198,56.0718193723314
134197,67.79114260713266
134203,82.51825060574853
134204,69.75473985520796
134205,52.959194417912485
134206,37.265482997160426
134207,52.44673037095245
134208,68.5857279974253
134214,78.35556171066415
134213,77.26151437722494
134211,54.13727261643892
134210,36.205544507528145
134209,64.0369916456493
134212,76.68287609380678
134215,94.06309366651035
134216,97.60754938993226
134217,70.70375009924746
134218,41.16457964694833
134219,90.30894112287784
134220,94.74967995837534
134222,107.74845246514766
134221,106.06410313807221
134223,70.21439140454994
134224,51.01137878512637
134225,91.95732301805647
134226,104.46376457886373
134230,85.17877163857489
134229,76.53369832789323
134231,57.08329981715059
134227,48.88091877775128
134228,73.42438690644745
134232,81.95036086179795
134238,59.37089115338865
134236,57.08283771022625
134237,49.28404478747491
134234,27.01946174511771
134233,64.4885358559796
134235,57.98333541984195
134239,34.665635555015825
134240,38.255563990782385
134241,35.53124944749062
134242,21.76634083346515
134243,27.141765031118812
134244,41.25105130752378
134250,20.655407065173762
134249,25.856811992177228
134248,28.806566622450454
134247,17.098588513279825
134245,25.58715570951662
134246,28.189017840775502
134251,28.186275939899666
134252,19.522406015009157
134253,22.39016677423767
134254,10.22717706764687
134255,14.880526180909891
134256,20.085807212493123
134262,19.366420715911
134260,17.910629232420476
134261,18.458922568147806
134258,9.728418519150846
134257,14.855067405784597
134259,17.00306290663173
134263,16.127604306603946
134264,12.687094448414577
134265,18.10035813352606
134266,13.950335600462608
134267,13.95711447061307
134268,12.33598049123833
134274,12.835074535190142
134272,15.25817340814256
134273,18.345607307045924
134270,13.062701269579993
134269,16.46788170873317
134271,13.604149420371037
134275,20.839576281551413
134276,12.271581410421849
134277,18.12201898976359
134278,19.896812907011643
134279,20.429782996146372
134280,12.351044143751379
134285,23.171746285340596
134281,17.090807120818155
134282,18.40687057274154
134283,20.7706982042507
134284,24.860111932771595
134286,15.0251973272539
134291,29.38393479723627
134292,19.162475404063116
134290,25.13003692163431
134288,19.47387122024717
134287,24.236017844830876
134289,22.632675577649614
134293,28.701221769794834
134294,21.698607681393295
134295,25.178173299136702
134296,22.30899252095475
134297,25.3995540351419
134298,20.450674310523937
134301,22.024728720005367
134304,19.75684420363562
134303,21.675798349261576
134299,19.880226568714
134300,20.072813704900938
134302,21.7157034889149
134310,22.342396416460556
134309,25.06146667697302
134308,22.837526886917786
134305,21.8615555317242
134306,25.30141774363431
134307,23.628284904887522
134316,24.25963204630252
134315,27.944376555389915
134314,23.75566940164161
134312,21.048169747184804
134311,30.814882380428365
134313,25.607223471304547
134322,27.213087108999204
134321,33.898369091094054
134320,30.041519750245435
134317,25.02390456572217
134318,33.83351778107587
134319,27.97874731969162
134323,73.17883518982563
134324,49.65912494796542
134325,34.66500123672017
134326,26.856999675705055
134327,45.08468978348752
134328,46.565178493465474
134334,87.95541934600641
134333,59.2073732060232
134332,43.719184328009945
134329,34.265417415305095
134330,55.69003290210411
134331,57.095992915103785
134339,85.22405703835693
134340,73.313718316504
134338,53.39506932513059
134337,34.348329221485784
134336,67.15426356475608
134335,73.33221476540554
134345,84.6614774738259
134346,76.78709320919563
134344,55.93552640509664
134341,41.2128007857889
134342,74.08804082252934
134343,77.72129057918325
134347,91.51300126990584
134348,76.15345720063068
134349,62.52673569996845
134350,39.856178719445225
134351,82.69818791987868
134352,77.66959595563702
134353,94.23409166204661
134354,69.45318425615073
134355,62.85253335244806
134356,43.37280769463369
134357,81.64148225539387
134358,72.14076734041925
134363,103.41843271058391
134362,77.4770420704815
134364,62.83066431826431
134360,46.294551050993164
134359,95.2848571074427
134361,73.44136047225408
134365,119.97301605159097
134366,68.37886240424545
134367,63.137221711920546
134368,53.08006993652556
134369,90.75928945074098
134370,70.82799219968604
134376,93.91893437311921
134375,67.97268886890069
134374,55.64990412290517
134373,36.988252826755115
134371,80.45903891330627
134372,70.93810103345585
134377,99.305911926711
134378,54.140850236570934
134379,49.75195900793123
134380,28.149289923641476
134381,54.39696858375399
134382,50.672467012705354
134387,58.37766315455715
134386,44.186916161427696
134388,45.50879122969856
134384,29.087888716517316
134383,48.79249096630004
134385,44.130179338817
134394,63.66286883349032
134393,40.39262563842323
134392,41.889545235380744
134390,28.582442518315226
134389,43.26448826016424
134391,43.46531745840922
134395,53.92576226813428
134396,29.668548919733986
134397,30.200612932264725
134398,19.198980933246805
134399,23.70672025348801
134400,33.6122439586626
134406,51.42877133994829
134405,25.44986789177791
134404,27.238729005570896
134402,20.177467434352746
134401,24.914329384863667
134403,28.668175403008114
134407,50.03545832895056
134408,26.015249940569696
134409,27.157272893792296
134410,18.183651627423114
134411,19.81584355747332
134412,30.06885798361097
134418,49.321764416065804
134415,24.13819362083011
134417,25.47950073230235
134416,18.163942404991452
134413,22.179293469152213
134414,27.434430940618824
134419,49.18182616422314
134420,25.006925361311406
134421,26.371321374279137
134422,18.57908828599182
134423,18.66995690307569
134424,29.063967377447078
134430,50.04589141730119
134429,23.634844857785197
134428,26.023993793215347
134427,20.03584356724851
134425,22.31535526480264
134426,27.898068178707025
134431,51.16022188626104
134432,26.563574300518876
134433,27.82241633909459
134434,20.236491666320415
134435,20.254762027860167
134436,30.534059271763994
134442,50.039743542152024
134441,25.29978661605493
134440,27.486443151985178
134439,21.245735350000302
134437,24.294758322222663
134438,29.517754868755404
134443,39.25162286326068
134444,26.44515604020451
134445,27.29393289677536
134446,19.144249448937586
134447,23.47398781777295
134448,30.18851756079064
134454,32.07788569354568
134451,23.90224594781656
134453,26.02855329125
134449,21.235380878223513
134450,26.726997287924632
134452,25.313329261624638
134455,27.013824495167498
134456,21.81689188626615
134457,24.99415736825856
134458,17.681077362986347
134459,24.288269227943097
134460,24.935788984553724
134464,23.47980172039875
134466,21.566476077917677
134465,24.23361667382742
134463,18.61723039309215
134461,26.872131524444235
134462,21.793845220565455
134467,28.265605708108737
134468,21.31924897295863
134469,26.24368719514084
134470,19.579048988903736
134471,26.214966108140857
134472,23.91744264884892
134478,28.9846165664558
134477,18.75564502558123
134476,25.904764230805753
134475,20.64016073074611
134473,28.80167817045754
134474,21.315956289830602
134479,31.889376402079556
134480,23.472753449225486
134481,29.14282746491906
134482,21.86332194030228
134483,29.66088707828157
134484,25.781638649435443
134488,32.38794705324141
134487,26.432148302817346
134489,31.672478628008882
134485,26.005337504687215
134486,34.6231749946772
134490,29.78300083420044
134495,34.139750826850516
134496,31.324899187052857
134494,33.495271471362315
134491,26.964377906129297
134492,36.81566075515811
134493,30.145843732362078
134497,41.87844913651858
134498,35.68616473601858
134499,37.94439309469897
134500,26.317873705221825
134501,39.532535585672896
134502,38.382673953412244
134503,54.809626206693174
134504,44.188470679807395
134505,44.163881469891095
134506,30.20489256436908
134507,44.67274262126213
134508,47.21385880954499
134514,73.48222209165174
134513,48.55152043210312
134512,48.94629241607394
134510,36.662273495974866
134509,49.84086541083843
134511,50.86026570443587
134515,75.35520676920291
134516,49.1677571045324
134517,49.28894105763602
134518,35.19286712728555
134519,45.37938780012899
134520,52.42551763372953
134525,68.11668088053266
134526,47.36230488348161
134524,45.92915862500627
134522,35.07764675539402
134521,45.16310736049471
134523,46.757979185769955
134527,67.50126950355417
134528,42.71861433922092
134529,44.18781932745489
134530,32.02337018445026
134531,39.03705070613165
134532,46.289661956255344
134536,60.64826333562315
134538,40.87445535856139
134537,40.77742230325391
134534,32.278660897989205
134533,38.58417956886342
134535,40.56872155882412
134543,61.60526490680742
134539,41.23247600999122
134540,37.417334315076054
134541,30.09970677331647
134542,24.54478673800334
134544,40.20078653354556
134549,61.67304474118404
134550,39.40668632077868
134548,33.26670769928536
134545,28.733270359918148
134546,27.742995325425785
134547,36.940933076863665
134551,67.75648065950543
134552,27.797653460820406
134553,33.21205568802713
134554,27.800425317174486
134555,25.084785717311597
134556,32.89425907928285
134562,80.18836548532217
134559,24.8665824940024
134561,31.01401724886915
134557,31.54096943445499
134558,32.028414946786334
134560,30.324825996894347
134563,76.72276678271889
134564,33.924447345082434
134565,25.28788921337283
134566,33.090152022721774
134567,29.715649887703524
134568,33.58856224789195
134572,66.17885090281239
134574,45.12570792051524
134573,27.582928735579365
134571,31.824565583665624
134569,29.88688228207574
134570,40.69986639461821
134575,65.96885774304243
134576,47.56401478484498
134577,26.803654129645995
134578,31.41528943587553
134579,27.698980034796
134580,49.86232134336574
134586,62.09486272519514
134585,33.436631334869126
134584,27.544334724713224
134583,31.283060228476593
134581,30.184888590172967
134582,41.19147072895361
134587,38.961839738123864
134588,28.56324018182997
134589,21.001886995776502
134590,26.106667316572725
134591,22.819137192366696
134592,35.03547094698793
134598,22.608074125736636
134597,13.919591282280964
134596,13.38526303772175
134595,20.710991608053362
134594,15.058100366074385
134593,22.36520458437255
134599,18.16353458383455
134600,10.425392425773648
134601,10.089997950047163
134602,20.079090219336265
134603,8.28719287835814
134604,17.249043347036544
134610,18.756741104071413
134609,6.297746679401341
134608,10.217110890555299
134607,20.233817959538154
134606,9.319578400040971
134605,14.713262650491643
134611,20.541144391103096
134612,10.206474389970476
134613,11.7749197568337
134614,22.49969447370816
134615,9.261403242769896
134616,17.035931689408223
134622,23.308153178318076
134621,9.55390365491937
134619,13.547201169625879
134618,26.42616708416822
134617,13.158998868730556
134620,15.691417948375054
134623,25.90034420354693
134624,16.217659891696535
134625,17.014262891779737
134626,26.464808884243446
134627,15.688200012584355
134628,23.07048627726324
134630,28.853117022884753
134629,21.15425748944537
134631,20.543608874390078
134632,28.625108146352872
134633,20.715618230431115
134634,28.161245320997093
134638,27.765365711325423
134637,20.697292384516647
134639,22.935237226799664
134635,31.844763477272775
134636,25.265487757551437
134640,30.440147211933457
134646,36.87259172386612
134644,30.994052849557654
134645,29.22785268476476
134642,35.50536847449308
134641,34.094845790028735
134643,36.73045456031034
134647,53.93837149468057
134648,48.965194830177566
134649,39.30787816661773
134650,40.19800600185741
134651,45.96245631635051
134652,55.660515867499704
134658,80.24548469613148
134657,56.77507646669582
134656,48.5663968399818
134655,46.93228158241749
134653,55.94477491379908
134654,64.5736612469325
134659,79.4835771899214
134660,56.7746216068194
134661,46.316598467439746
134662,46.99445371526747
134663,52.066513014124034
134664,62.84978222251536
134670,74.32978289845246
134668,49.555654630103234
134669,43.25711148278829
134666,46.71824636833908
134665,49.97112074139681
134667,54.14618629355671
134671,67.10717744956398
134672,46.798622434489964
134673,38.19164864915753
134674,41.35609957666357
134675,43.3665389234659
134676,52.99296541509153
134682,64.33130432137622
134680,40.12817122368893
134681,35.88177867256537
134678,41.58695550644654
134677,41.23088741367837
134679,44.74242290614604
134683,59.418519072205584
134684,37.03147308415649
134685,26.486443048851925
134686,31.874575285213318
134687,31.397066292950935
134688,43.226183350839676
134693,55.062116257599016
134689,33.663023558799054
134690,28.024416992185472
134691,29.508535222274407
134692,28.6734357669596
134694,40.52561700172491
134700,57.35635398357633
134697,29.402175625537954
134699,24.40577621788959
134698,29.760661283450496
134695,29.091783364192487
134696,38.44718357816787
134701,55.91020913236963
134702,32.31309826403006
134703,23.318653342761927
134704,29.600695489608675
134705,26.395978019375562
134706,38.511683141252604
134712,57.96917227893398
134711,30.23278937320442
134710,24.750927064662
134708,32.71241711395836
134707,28.883291282060362
134709,35.017886352083416
134713,58.99612769240066
134714,34.70799437521492
134715,25.750487213241577
134716,31.410094698106636
134717,28.624926038541762
134718,40.89814429237076
134724,63.19952492917848
134723,35.175541243509464
134722,29.12288384013422
134720,35.94715139842586
134719,33.66736910446129
134721,40.00261658066225
134725,57.7040425038901
134726,36.99723283627187
134727,27.769488932306054
134728,32.577255496919676
134729,31.32644173236173
134730,43.31531000607137
134733,22.504967067396237
134736,22.74456481321215
134735,16.796082600889847
134732,25.60183260863991
134731,21.505001302714092
134734,26.074272662273366
134741,6.665593384640172
134737,2.0683616261963884
134738,7.198761247870982
134739,16.12943379449588
134740,2.521737395385789
134742,9.572805661519366
134747,3.753115691954118
134746,-8.714172582310793
134748,3.3948892011455207
134744,17.889627524722506
134743,-2.5776207910012783
134745,-2.918062665471396
134754,8.26937839917513
134753,-10.302827170996899
134752,0.4259045195466884
134750,18.848557393563972
134751,-6.329102778003198
134749,-1.858271608722605
134755,11.470294142819094
134756,-4.689107657272121
134757,2.846355436641254
134758,19.05251801443446
134759,-2.109627542031859
134760,2.3892229535684475
134766,15.694414484480994
134765,-6.652585899964793
134764,5.016014579589401
134763,20.088967352698752
134762,0.837237249322671
134761,1.690004927635897
134767,17.497662276977447
134768,-1.3825458677090179
134769,6.883808938576848
134770,22.808214667631564
134771,1.7424662693329669
134772,5.658577829386424
134778,20.303284672556302
134777,-0.6284235174225028
134776,9.992588566611651
134774,26.63492356745722
134773,6.68925643808292
134775,5.01515301411307
134779,20.22583399979246
134780,2.7908301287839414
134781,10.341283548415134
134782,25.267148856736195
134783,6.224472977297571
134784,9.874222678592144
134790,22.7171609025692
134789,9.899513812116155
134788,16.467831215277428
134787,26.589876398868732
134785,16.852648873690963
134786,18.74230614497639
134791,37.85573383595839
134792,39.26051490316059
134793,32.08434294601047
134794,35.75686168145825
134795,39.39060415460196
134796,46.49148871952603
134800,70.82022651835865
134801,54.583413609469936
134802,49.86533178427822
134799,45.64827269372495
134797,55.94405184663536
134798,62.87824746008462
134803,71.98520180684578
134804,53.63298875786644
134805,43.406330792162805
134806,45.46005739289575
134807,51.25097398681652
134808,60.099140480796464
134814,64.91573569210385
134813,44.28725548405929
134812,39.16116432025843
134809,43.21457996800522
134810,48.374271868308476
134811,49.011003519658736
134819,53.52675280588215
134820,41.172350008656764
134818,33.87604086637086
134815,39.39345640020471
134816,42.64211721632614
134817,42.2878842998214
134821,49.64522690458585
134822,35.212016121564886
134823,28.35449268764984
134824,34.96652834882719
134825,34.90395191587037
134826,41.87610430727696
134831,24.64778477853273
134832,8.95578636897892
134830,15.743938194125786
134827,18.337549183751413
134828,15.769964950586825
134829,11.073577947509383
134833,21.038701006003116
134834,0.022542932041289987
134835,13.30409860857882
134836,21.78277893740952
134837,19.82873912577383
134838,2.5888177978059286
134844,19.320976411209813
134843,0.07577503753326731
134842,14.123111340284021
134840,18.366350941946443
134839,16.600188395029704
134841,1.5142831845146842
134845,19.586357696384134
134846,-2.2534466121834766
134847,12.695578158654058
134848,21.153553603259745
134849,18.02110100887979
134850,0.37607703425904226
134855,22.344581174032417
134856,-0.7606291292108871
134854,15.514571048030671
134851,20.160755223627596
134852,17.094454409010822
134853,2.4643227726185923
134857,24.522502690311867
134858,2.8036257822769004
134859,16.735781630801405
134860,23.954958989343588
134861,21.419133095041538
134862,5.507135542497686
134868,28.800260017056694
134867,9.621186705990201
134866,21.810561076553512
134864,24.61196782388472
134863,24.331791858543685
134865,11.368129244722008
134869,23.46931870771092
134870,7.910448812098663
134871,19.997277609260454
134872,25.884772996260967
134873,25.432927671305826
134874,10.726081220391805
134880,-22.23575436057307
134879,-10.036490410405246
134878,6.880220093312753
134876,13.250351095817017
134875,11.944614854616171
134877,-8.138685484459394
134881,-40.892803954410624
134882,-38.38431854586074
134883,-9.65388332954812
134884,8.61990176111491
134885,-9.801240377315981
134886,-36.37291177021751
134892,-42.0104247686852
134891,-44.27423193241934
134890,-11.846671544475647
134889,7.330752318184665
134887,-15.991108717152667
134888,-43.898319544009375
134893,-37.93042339314946
134894,-42.70779300164472
134895,-10.951424102679644
134896,10.484614083531504
134897,-13.934039490592674
134898,-41.087307534852435
134904,-32.640377128164516
134903,-32.83009049605988
134902,-4.3129142975022585
134901,12.970955718386083
134899,-7.335617089453431
134900,-32.375347047820256
134905,-27.098650457375797
134906,-27.790051979438473
134907,-1.4993455326786789
134908,17.032532800311916
134909,-2.5524276575726343
134910,-26.03953666419887
134911,-24.323497192040954
134912,-24.167071449031333
134913,0.8017216976884542
134914,18.92349239378741
134915,0.3837259280414287
134916,-22.418047875345856
134922,-23.50958737655454
134921,-20.847006950029453
134920,3.3040163489880356
134918,18.318896039659062
134917,1.7152608687248918
134919,-20.072259635792708
134923,-22.389120632034484
134924,-20.832353731835845
134925,2.8042473768234846
134926,20.860348108534772
134927,3.6172810023373234
134928,-19.10218297882082
134933,-19.78094115029465
134934,-12.303675178752158
134932,8.59572532033567
134930,20.30636293143161
134929,10.135119481872303
134931,-9.935536047280715
134935,0.31724769977799383
134936,18.165395651455313
134937,24.93639258817325
134938,30.55387803769067
134939,36.27061319555909
134940,21.02658372099683
134944,47.98425080124639
134946,38.27049711734689
134945,41.21024150240084
134942,39.60305196226885
134941,48.71016552818591
134943,41.817501042718625
134951,49.897080311426635
134947,34.613637193508474
134948,37.29898907712857
134949,39.723130466554224
134950,48.35654494886409
134952,37.18709171731606
134957,43.525934470585014
134958,27.406444733404257
134956,35.69425825885784
134953,35.51554875275085
134954,40.838673877030224
134955,31.186340607780664
134959,34.56584951795806
134960,19.678866960136745
134961,29.18091913708715
134962,35.00194866166251
134963,37.94252949416904
134964,22.50523686158445
134970,29.20248024614103
134967,14.624439203534616
134969,26.731909943328564
134965,29.421557978379177
134966,31.190682497770993
134968,19.2342610966828
134971,16.273898677413225
134972,4.2163711974520055
134973,17.261690367319517
134974,19.81398781110719
134975,20.005653164000393
134976,6.558337537408768
134980,16.119142311017306
134982,-1.0104429243942512
134981,14.75410030041261
134979,18.66927761650487
134977,14.415263851693027
134978,1.2478321746537508
134983,12.907116773845303
134984,-0.6657654310849459
134985,12.841540789538591
134986,23.755807513480697
134987,20.29965498939206
134988,0.45090979700581624
134994,12.391115496192224
134993,2.514301493964915
134992,15.96837192344592
134991,20.718536589505895
134989,17.490377206375033
134990,0.19026753714409317
134995,16.018750113521488
134996,1.5183816588620704
134997,14.966427440327996
134998,26.392486732069713
134999,23.042310559195542
135000,5.0154050446221845
135006,20.070264718771874
135003,6.194054150575665
135005,19.333540078415858
135004,30.824315084493907
135002,22.2218446156644
135001,8.307176734958887
135007,22.107757835057537
135008,13.588780213549104
135009,21.545293286320703
135010,35.718849004236304
135011,32.018469518534104
135012,16.505021827021572
135018,21.53187113328879
135017,21.054538849888687
135016,26.97370941304898
135015,31.034599401451928
135014,31.47163843394034
135013,16.971748190414296
135019,-25.552032905892233
135020,6.621484121381876
135021,10.550023144125177
135022,23.598263472412462
135023,21.259925283491008
135024,3.681411594712081
135030,-31.2758767251499
135029,-17.65136495400509
135028,1.2561155931655916
135027,16.402007776768915
135026,-1.0001894752892824
135025,-18.04094886034271
135031,-30.900863027248228
135032,-19.499335628449124
135033,-1.2471337787109427
135034,16.919493714141716
135035,-4.021633848819953
135036,-20.346629749205754
135042,-21.45805289303395
135041,-13.475968678275699
135040,2.5783335318159777
135039,15.404332689269022
135038,-0.8138162763133749
135037,-15.115707362737659
135043,-12.482816576919188
135044,1.8123589154635287
135045,10.94781809921839
135046,19.83634199089935
135047,6.563305228007987
135048,1.7853466343104873
135053,1.179659983268424
135052,10.750864878110697
135054,18.441709153781364
135050,20.80766027190442
135049,12.552404376374463
135051,10.635140682607972
135055,7.231385811160763
135056,17.081089900780114
135057,22.00930606498946
135058,24.51181246975745
135059,17.333681812821922
135060,17.08428034588898
135066,16.704975626346297
135065,17.17096351320409
135064,21.879119924952676
135063,20.580932406448163
135062,20.88043283615442
135061,16.54029546258578
135067,17.859839456543423
135068,17.98842952702998
135069,25.401744918083885
135070,14.35328495583378
135071,20.544048759178573
135072,18.709848832377517
135077,17.720057964173677
135076,22.307783260757827
135078,29.817038499460125
135074,14.403412736720625
135073,26.27463658557748
135075,24.689328314462756
135079,34.28256117788555
135080,56.65640256420529
135081,47.022545988879585
135082,20.119612774084658
135083,46.04085356414048
135084,52.998365372690806
135089,70.24351055648935
135088,66.94848232302938
135090,55.8444231275259
135086,33.00758468994393
135085,53.58749697141461
135087,70.56600804200323
135095,61.2316105265914
135094,54.42659138051572
135096,46.186660845961796
135092,34.01921751802006
135091,43.966261336837576
135093,54.2954127596513
135097,47.52754876754508
135098,38.432786048141594
135099,35.22194809963358
135100,34.485010813403036
135101,38.50402695418306
135102,40.66837156291161
135108,39.6780942081339
135107,28.5142320985365
135106,33.52769631002578
135105,31.41992561015856
135103,33.26814403751579
135104,29.695584379873385
135109,28.791100980661966
135110,17.463758493705413
135111,26.085279558783277
135112,34.54933344559229
135113,33.0971169401584
135114,22.25650379677138
135115,16.95869556187624
135116,7.15292777197228
135117,16.996219320141588
135118,23.934461421858483
135119,25.603740704269935
135120,7.890849354327348
135126,14.822072007344353
135125,10.005311233791323
135124,15.869270787734202
135122,18.02773658950168
135121,21.287667080798798
135123,8.114976110297254
135127,14.742899463981214
135128,0.8672288706909077
135129,14.150683843141987
135130,20.34643518246308
135131,14.452417520105161
135132,3.0532995171943735
135137,14.907109022099366
135138,1.4633920152964395
135136,15.596066063269863
135134,16.642433628879402
135133,14.589115557607899
135135,7.755453249227221
135139,15.16264945124831
135140,4.710915439197942
135141,18.334117185352017
135142,25.24654486658943
135143,19.537470121455762
135144,7.463424779102169
135148,25.065591903476665
135150,10.033563970591352
135149,22.401010968642964
135146,25.73861763125463
135145,23.17059991958638
135147,14.757080843805369
135155,32.326184315309646
135151,20.169836858917172
135152,27.082101873707575
135153,33.16010389312127
135154,35.354088004498024
135156,22.886228893511387
135161,29.672997724422004
135162,28.52034173712626
135160,31.702548670319143
135158,34.63687769198359
135157,33.42221939298038
135159,27.901237117715915
135163,-9.092879632285433
135164,8.586226079679683
135165,19.657501587977734
135166,27.556986309922465
135167,27.37461958343006
135168,11.31787803973932
135174,-15.377530821939043
135173,-6.675007938418386
135172,7.832601896982894
135170,19.927757807734793
135169,7.945737311001678
135171,-6.807586665660496
135175,-12.845657307184478
135176,-9.272998320350782
135177,6.706334312531419
135178,19.13886317498787
135179,3.3913932018657986
135180,-9.200219496025392
135186,-8.340574826718088
135185,-4.666725981672855
135184,11.184995551770406
135182,19.10996986649674
135181,3.873433043155419
135183,-3.675803116175988
135187,2.4017810839490927
135188,8.9723159343193
135189,19.928275845140355
135190,21.598121116350843
135191,14.904755050444653
135192,9.09565234251015
135198,16.454642135261324
135197,21.512158395709555
135196,24.180927538671227
135195,24.813506476879056
135193,25.166177656780874
135194,22.618682255341852
135199,21.56408442338239
135200,28.98750890843921
135201,26.93449714836937
135202,24.094730867855652
135203,29.213667442004983
135204,27.688153097786937
135208,26.73852776693425
135209,32.517319370875214
135210,29.991385900917006
135207,24.681086000523017
135205,33.450448603397504
135206,32.090876746092704
135211,28.243546753798796
135212,35.066044090000965
135213,25.934612265613325
135214,7.134611941099326
135215,35.56671058899357
135216,35.55777360257076
135222,33.73621604665176
135221,43.215650442422785
135220,30.3680770109532
135218,23.985651323371783
135217,39.52387672039011
135219,41.82728405512479
135223,51.56283721578384
135224,71.73899342174431
135225,43.646993893390444
135226,27.603462229623283
135227,61.519172559449935
135228,68.24778268597458
135233,78.76610857746553
135234,79.57848915864034
135232,54.37922992329273
135231,39.408438045832725
135230,66.9945783221157
135229,77.15821094067003
135235,68.27826465587133
135236,62.50426342746924
135237,48.98097748547279
135238,33.641953422654026
135239,52.16442927580188
135240,62.714641833875
135246,53.72521687509518
135245,44.004859957486076
135244,40.06514030083521
135243,28.63616789019643
135242,38.218105733722254
135241,47.91627893371559
135247,34.79772342311973
135248,32.2183156701779
135249,34.90486255481117
135250,27.236342631619124
135251,30.121737669877657
135252,33.596947084435435
135257,28.815638413566855
135256,23.124733375569562
135258,29.153670849617285
135254,24.48667981716136
135253,28.00874136152823
135255,26.242699308020093
135259,25.563541918560055
135260,14.465333679736549
135261,20.53101399962504
135262,23.09281881409754
135263,25.782212239818996
135264,17.831545425752076
135270,21.940222571897408
135269,12.230377038200952
135268,22.211133525201475
135267,25.77238796459043
135266,20.70350117371206
135265,13.784166347050629
135271,20.709638977843046
135272,7.610583273197872
135273,18.278026365596936
135274,22.9328856312991
135275,19.34347636073824
135276,10.965796672456495
135281,20.986946292993068
135280,10.054570538911015
135282,17.752608526008153
135278,21.180180081688388
135277,20.606167555911924
135279,11.593396427407496
135283,20.09943095766402
135284,5.873281666697206
135285,20.815694404421848
135286,27.097816284316153
135287,26.346185758526495
135288,9.24684771489377
135293,25.009002554896654
135292,13.461280397632116
135294,24.29340004969294
135290,25.858795764444146
135289,27.60038988727689
135291,15.517505907175467
135299,29.533569331484138
135298,16.849586476821003
135300,28.156850920930168
135296,26.17367672621195
135295,32.281625694649485
135297,20.019800686370438
135301,22.18448681416042
135302,12.128024583791728
135303,32.965234107562154
135304,31.361830800702027
135305,34.55830510123156
135306,15.748851843796388
135312,-11.663451724116745
135311,1.6184314041588586
135310,18.555007529010528
135309,22.598354360190545
135308,20.627021596885463
135307,2.5777247523017497
135313,-21.284322967242808
135314,-25.423408268511263
135315,6.528380855020336
135316,18.989115672011774
135317,6.976347114729661
135318,-20.21259732683032
135324,-17.591039625854293
135323,-25.149336390923715
135322,4.932745363061823
135321,16.5612212719335
135320,-0.045666650538846554
135319,-22.625602315361093
135325,-13.103655160067346
135326,-23.559063258317103
135327,7.821859925920716
135328,14.53194541050812
135329,6.815735343143304
135330,-18.297081708022905
135336,-7.940336498077994
135335,-11.453326687594073
135334,12.522596065612863
135333,17.692641367263185
135332,11.542690523688218
135331,-8.56540108729529
135337,-1.9326070798843897
135338,-4.3049217510801165
135339,19.316754799268416
135340,20.11276172735201
135341,25.987160054841873
135342,1.092629951150041
135348,0.8020432222859828
135347,3.1383383357884416
135346,25.132505762765035
135345,21.746179370358774
135344,27.81307190378044
135343,5.805288957420801
135349,2.281071836201355
135350,2.7915272912324536
135351,18.144530590070925
135352,23.18999504770826
135353,35.47917919961171
135354,8.252983307447042
135359,3.548621027416111
135358,6.414395780543539
135360,24.71471451602021
135356,20.617337513550787
135355,35.51016409104046
135357,9.598651136744891
135361,1.0379144898604444
135362,11.722470092971315
135363,29.561737447625674
135364,20.436056331605144
135365,43.920068087420425
135366,17.202874410274006
135372,16.85817332197748
135371,37.0948757428324
135370,38.54064446253683
135369,20.976372674906777
135368,49.390643383790746
135367,41.15198387367454
135373,50.22432088571908
135374,49.54526007425026
135375,46.39043741763643
135376,29.88206259979581
135377,54.017807574194634
135378,53.52396537297672
135383,48.738544910474474
135382,46.32892832587076
135384,43.498051737260504
135380,30.834725639912353
135379,44.69136074659205
135381,47.703680895518005
135385,42.35395626894989
135386,37.29819834754234
135387,37.1872677067051
135388,29.6574891871793
135389,35.40518843748042
135390,41.06850186759462
135395,34.36661512231578
135394,31.855113190391727
135396,32.99170228273357
135392,28.842939291148213
135391,31.719360240249767
135393,33.01555036349457
135401,30.898653881352644
135400,26.180919024734447
135402,28.872584856179135
135398,29.330072834957544
135397,34.59845710193598
135399,26.246052770576608
135403,26.361339879915448
135404,8.339211348180648
135405,17.74946057347737
135406,16.43200883058173
135407,10.969013496439267
135408,10.528153471346322
135413,22.43031332222108
135414,3.964901210768982
135412,16.62459017879589
135411,19.01473884620942
135410,10.714496298593946
135409,8.096389316040167
135415,12.709170358274388
135416,0.4493561069466647
135417,14.250831713562617
135418,25.957269052870277
135419,21.787617260256404
135420,4.189308012389926
135426,14.669399676177282
135425,2.811724923023462
135424,17.87641272355595
135421,24.283621434140994
135422,19.94448369463854
135423,3.2778548065707076
135431,18.201498511050612
135432,4.441008414440525
135430,20.151460480350373
135427,25.517617683392196
135428,23.777899851134343
135429,5.870794206785867
135433,13.33407419081144
135434,1.5929237929965385
135435,19.609252369944794
135436,32.95596956989125
135437,30.826283976861816
135438,5.6581848058801505
135443,24.202496250488693
135444,5.809003086700894
135442,26.78599466337311
135439,28.63869243917052
135440,26.681918829442324
135441,10.648704618473847
135445,17.258940524516035
135446,6.238939323901413
135447,25.099936469814654
135448,30.97318578215846
135449,26.62684116160051
135450,8.69931300202776
135456,-11.19133446962783
135455,-4.475813862275097
135454,13.151543398590753
135452,17.941148899892017
135451,9.185632808335239
135453,-2.414316693265355
135457,-20.548021764672832
135458,-11.890322823223398
135459,4.591330196780181
135460,14.924769820583471
135461,5.395284829517481
135462,-13.057569316078247
135467,-17.09497199105674
135468,-15.61718894273268
135466,4.2135168382645
135463,11.588850031513367
135464,-4.478252420541575
135465,-17.481143647011955
135469,-13.11077116568175
135470,-11.283996722618767
135471,5.009924828825935
135472,14.659143211394516
135473,-3.388906522417206
135474,-13.079732284086203
135480,-0.3933620134394573
135479,-2.224253817222447
135478,9.371378485061216
135476,13.530421518831105
135475,-0.21415997762340933
135477,-5.316448988965852
135481,9.77668076023562
135482,6.869695458859974
135483,10.812001915160433
135484,21.08416669515282
135485,10.046716854133717
135486,3.5939763102732254
135492,21.96178566449524
135491,19.660891081393434
135490,17.01631581063253
135488,7.338227374439104
135487,15.4613767628125
135489,13.446167857936938
135493,28.78674827869976
135494,24.520941405768614
135495,20.542914877861424
135496,28.235443265622866
135497,26.961402168182122
135498,23.005298912558573
135504,33.44373853803292
135503,35.60981183472508
135502,26.24840877761278
135501,18.765021178628942
135499,33.01736558210959
135500,29.716814767334995
135505,38.09350584023946
135506,40.76887929806692
135507,30.457382735142517
135508,25.19575116964939
135509,46.307415828178925
135510,39.25949206121566
135515,46.83383461753861
135516,55.913160041639735
135514,39.72114926940428
135513,29.46451034013129
135512,42.61679321979129
135511,54.01454744868035
135517,65.71233221120221
135518,58.69352441147778
135519,43.07484433242945
135520,39.035956406094
135521,59.474251288285274
135522,56.48198802720062
135528,54.278719952241
135527,43.912664460679956
135526,40.81866918158093
135524,35.850724795145766
135523,38.67488030562867
135525,43.35696509138609
135529,42.48925330895109
135530,30.277615529237014
135531,31.748586428397005
135532,34.8099075430194
135533,33.966291456345175
135534,32.84238894172945
135539,29.335591500335635
135540,21.52872835272064
135538,30.89339472010234
135537,28.903995403175408
135536,23.802781221068557
135535,24.405740481192773
135541,23.264569080954885
135542,13.186965141343912
135543,24.8846073472496
135544,30.913310427876016
135545,22.506334340332153
135546,16.17759843050934
135552,22.08590405047864
135551,11.294998406085934
135550,20.137887930446787
135549,21.92220179562947
135548,16.309288168395845
135547,12.200698276252412
135553,19.40627912514254
135554,5.682565655763771
135555,15.523399792721658
135556,21.27789294355334
135557,18.013173548889814
135558,9.557166774194096
135563,18.784959888164092
135562,8.987242984760334
135564,15.677504244302977
135560,20.30809005143137
135559,12.68263704973562
135561,9.046850059943122
135565,14.123119975046807
135566,7.549363819410562
135567,15.795092847240834
135568,22.78128791883289
135569,15.190468374366603
135570,6.415151311545987
135576,23.389395562888986
135575,26.59795460263613
135574,17.223071582737433
135573,21.95458612854529
135572,21.567100018199366
135571,10.327788051679825
135577,30.52476580794732
135578,29.143688095087708
135579,18.450647102506352
135580,24.45698145450766
135581,17.14254806158834
135582,20.946277466802613
135587,42.3508166678931
135586,20.852197890829615
135588,22.271940968718663
135584,25.892390132634098
135583,21.024842515456747
135585,26.29721561966193
135589,35.233971915386796
135590,8.557989615286859
135591,26.273247241161627
135592,23.115195038081428
135593,17.309854869029387
135594,12.328104831549046
135599,1.9322763748762748
135598,8.689629856555499
135600,18.07952365853778
135596,18.978001194340308
135595,15.461274940510094
135597,5.981620995526811
135605,-11.623941405708852
135604,-1.9514593777794467
135606,12.619699383161365
135602,15.342030927009187
135601,0.3279538336889889
135603,0.7032564395834733
135607,-22.753812836046684
135608,-1.107836694774722
135609,9.093185714942528
135610,13.139306080108586
135611,-4.945339437804125
135612,-3.8977039882821813
135618,-9.702257229802061
135617,1.6682418617657175
135616,9.456505675123136
135615,14.053465235782374
135614,0.3461069513464228
135613,-3.2898476031255015
135619,-1.4104472870249927
135620,9.727213304584469
135621,13.047707306293702
135622,14.60190317609431
135623,13.0325187862522
135624,11.02000403075775
135630,22.862411393410767
135629,18.98899067935063
135628,18.609940986259872
135627,20.703379090438577
135626,17.316747663953404
135625,17.150563118897026
135631,34.764642836919165
135632,34.219424399169625
135633,25.403924158298757
135634,19.98214876178988
135635,26.275851148321006
135636,29.492850759010626
135642,43.26860923087178
135641,44.301008100863754
135639,35.946840490795964
135638,29.396698467675268
135637,37.08762050927751
135640,42.053716165669954
135643,57.54095283738265
135644,51.853782326843394
135645,40.252433179794444
135646,31.391738587949092
135647,50.37687815194991
135648,49.190651757644055
135650,58.75945951065463
135649,61.65479516890309
135651,45.16396453906083
135652,34.70765201903747
135653,58.54782183230525
135654,39.1130313523227
135658,68.76675053582758
135657,54.43999465989265
135659,51.44436550731076
135655,41.3471652678368
135656,61.97965948164122
135660,56.48857113928285
135666,85.36531915142245
135664,60.10241400312192
135665,53.95235700683444
135662,32.05442396965058
135661,58.0448053169777
135663,61.97394337466267
135667,42.44351405904385
135668,68.32697920300367
135669,49.44935786306803
135670,36.6034188172615
135671,48.0477535792676
135672,57.72681048382303
135678,79.6348428184948
135677,54.21375093082565
135676,43.38772288200191
135675,33.69716721872743
135673,44.783488903207626
135674,60.719662964888684
135679,65.19242727786951
135680,47.16121196546263
135681,38.211123032125094
135682,37.73644783560724
135683,34.54838435702331
135684,43.40321865459756
135690,45.078306382182014
135688,31.89953824249112
135689,33.074602803316196
135686,33.46895762139653
135685,31.50603394861157
135687,34.42249332088549
135691,36.25728681597793
135692,17.994710254281948
135693,24.2956878707949
135694,25.136718573104027
135695,21.62848346206257
135696,17.405889749396245
135702,30.076500044978978
135700,12.16158277158042
135701,23.46725119275479
135698,22.53675147979665
135697,21.85038186516377
135699,15.166194958952588
135703,32.319389589238256
135704,5.439815336917283
135705,23.379520830538873
135706,25.757017941300656
135707,25.999425419648844
135708,14.058695169561966
135713,29.24771851201943
135709,12.494911692097318
135710,22.975957707075914
135711,27.45795627273202
135712,26.713665058926864
135714,15.027690366868654
135719,48.576272631779986
135720,19.08093975548573
135717,23.45157311821317
135716,30.697263319746078
135718,29.473614817296085
135715,21.257470283908138
135721,33.617109876737295
135722,24.345403765871474
135723,25.570870133219664
135724,33.38667288616423
135725,30.122529067234336
135726,24.502901272851275
135732,41.02645572322555
135731,28.29386625591141
135730,30.105176921075156
135728,33.91969141730275
135727,30.390319418257988
135729,30.101827184979363
135733,40.68908067330246
135734,30.459795677420715
135735,31.347763241107046
135736,34.62243454437993
135737,33.59243005416448
135738,30.513497571158826
135743,5.32560896956122
135744,24.0907960775942
135742,25.938536405002438
135741,27.234435307615804
135740,28.052294124795573
135739,21.435693304302017
135745,-13.616666404556929
135746,11.14188352197836
135747,22.727081996801118
135748,23.767379875205624
135749,15.487593028175574
135750,5.591390067642127
135756,-10.692519790290111
135755,7.500231770892167
135754,18.032824674424493
135753,25.921152671452447
135752,16.64410167006295
135751,6.0794301335865
135757,-6.827196541054153
135758,10.395981702847424
135759,20.080011244657634
135760,26.91961068253387
135761,16.972906305504036
135762,8.955713530765346
135767,7.812791148813689
135766,17.593907790468982
135768,23.246150773341867
135764,29.303460867631905
135763,21.777597035698864
135765,19.55426776757186
135769,19.857684973334294
135770,32.62717316910788
135771,32.25736658703416
135772,30.113541978418915
135773,31.6251648836549
135774,32.75643441774889
135780,34.36154092118017
135779,43.68391870549506
135778,35.01341290499073
135777,34.47225781891919
135776,43.38865220906242
135775,43.478799508945
135781,42.70310042264264
135782,53.113054122887085
135783,37.98453948301682
135784,35.819490441740754
135785,46.55598370776336
135786,53.635955550698874
135791,46.15183798288848
135790,62.09005921178556
135792,44.830121084188804
135788,37.87478170136607
135787,55.501033145370265
135789,54.61376118554749
135793,49.8857701561184
135794,64.36931219645723
135795,40.03152189896077
135796,33.70436281386269
135797,60.50197988210756
135798,63.687568549020725
135803,64.5127806067938
135802,74.97799925701828
135804,53.93341399992182
135800,37.6725446154862
135799,66.84907494905687
135801,71.8810354441589
135809,83.94987615383815
135808,75.05927268462172
135810,58.58893195954117
135806,43.534864528497486
135805,59.33463828951166
135807,75.54687720544602
135811,74.23144902582446
135812,63.49498743726174
135813,50.640858617976654
135814,43.92994249952524
135815,47.321215347168796
135816,64.04087118916654
135821,60.126774907992576
135822,48.773089049747895
135820,44.95530478432042
135818,40.614188977252795
135819,45.387448169170646
135817,49.81667253319232
135823,44.76987937172358
135824,35.0990626326205
135825,36.592785548444176
135826,38.57829772409802
135827,36.344489204365914
135828,38.054370705374694
135834,37.483809273025166
135833,26.49914452583863
135832,35.446692754089916
135830,34.97124033914346
135829,29.291456475295494
135831,28.42540738823892
135835,32.58448935831799
135836,20.268933914147027
135837,23.563981713830817
135838,24.825710474198534
135839,25.21036003199756
135840,21.204139725665854
135845,30.03382210546115
135846,14.191452216890267
135844,22.302229421690186
135843,25.349196423531158
135842,22.221500844607043
135841,17.307698801873784
135847,30.39562380550943
135848,11.849412134383378
135849,25.74802687068182
135850,36.16355779261196
135851,31.565781777650727
135852,14.370715197130185
135858,24.074150903237687
135857,15.274218775490152
135856,28.42003507317346
135854,32.624006550649085
135853,28.474984600799047
135855,17.58012228380604
135859,27.738711628032476
135860,11.745650791058216
135861,31.657392733863407
135862,39.48842323003855
135863,34.895881023721316
135864,15.004744983253506
135868,37.69280623033563
135869,19.663049008040907
135870,31.29617089700315
135867,37.00977878923139
135865,33.075734176724296
135866,16.040094857769212
135871,39.21279463327703
135872,20.537741752581667
135873,36.70476366159289
135874,37.72178638522719
135875,37.59313894309839
135876,22.076085960553264
135882,39.31571121525524
135879,25.712351231192574
135881,35.30888117112998
135877,32.63503730668341
135878,33.82238110111864
135880,27.542926550735707
135883,10.687644022870053
135884,10.444825521870323
135885,21.73719843853872
135886,23.155851795377853
135887,20.246384289411555
135888,11.994650809878197
135892,5.437521972057146
135894,-8.35709650900889
135893,8.627342611394628
135891,18.224959602065333
135889,3.324225620626968
135890,-6.427912211577491
135895,9.11751042794052
135896,-4.462915294458547
135897,8.674226198196001
135898,17.53877462583752
135899,-6.922204628341561
135900,-5.8325079389767716
135906,13.702280998449643
135905,0.6305613651876563
135904,9.415362814997398
135903,19.174023359239612
135901,2.868368909391556
135902,1.4133770236506393
135907,22.71723342827544
135908,16.411697544042163
135909,16.201060277537632
135910,23.466535010847508
135911,9.909367401356674
135912,15.415859029208447
135917,28.806294939907314
135916,27.83630020153055
135918,21.241180295323645
135914,30.930600004131602
135913,21.520516298330616
135915,26.819914275749852
135924,43.02701128313224
135923,37.55454990276542
135922,30.289531009382678
135920,32.20151871752813
135919,29.829027497919817
135921,34.00236617884134
135925,46.69932250517448
135926,47.759434848980874
135927,34.471060165287824
135928,31.969435137559238
135929,34.47636875585144
135930,48.25886593086124
135936,51.89941204617695
135935,57.049603321701696
135934,34.97867908673071
135933,31.677722286730322
135932,48.73833964027983
135931,58.87681695873641
135937,52.24342214388001
135938,66.08097173007458
135939,24.98948528951114
135940,34.70474847474439
135941,56.53749462115859
135942,67.63859258079037
135948,74.85150059408134
135947,80.77084294256248
135946,55.21251374608581
135944,45.45944149692288
135943,74.69308693310859
135945,81.59423932529909
135949,94.21047490559694
135950,83.09228995869994
135951,61.327395175489706
135952,48.971345589163676
135953,75.82741978100542
135954,85.24181896652321
135957,80.83347556786694
135960,67.63502704302039
135959,51.84772582211186
135956,45.81673100614442
135955,57.64179676014859
135958,66.8501963554921
135965,66.12954975504948
135961,55.05962374247214
135962,47.224644156456655
135963,33.69411312466417
135964,43.845608667843905
135966,55.9098544703404
135971,52.31524514862693
135972,41.68439603537237
135970,40.70483835171812
135969,34.27312996511782
135968,38.47190354141419
135967,42.97050017321052
135973,45.59297222583638
135974,28.578423333912617
135975,36.53395371277535
135976,33.941219054359124
135977,33.462489809116825
135978,31.088855339446404
135984,36.195979017106346
135983,21.009824683986857
135982,23.85787320263099
135980,22.334589551177075
135979,24.300430286858447
135981,22.833748971478293
135985,32.19278961044148
135986,15.129609722085855
135987,20.767873701545696
135988,25.02336604576999
135989,22.055947975164393
135990,17.111544463794196
135995,33.002776207711
135996,14.244120536930865
135994,23.164257941846213
135993,27.86844430918094
135992,24.420994720993008
135991,15.589855835474884
135997,29.24166276952185
135998,12.088872431673687
135999,25.71654882567139
136000,32.58283532281054
136001,29.07972228055549
136002,12.712976184352257
136008,24.71451950541686
136007,14.801611977929682
136006,28.81846391272565
136005,30.835143983170646
136004,27.530511749089463
136003,13.21805561976964
136009,35.13579432681045
136010,17.45870347674544
136011,33.41353288522709
136012,35.80370423243959
136013,37.392826224569376
136014,16.02774188557205
136019,44.22192380539949
136018,23.45774249827311
136020,35.93986484558986
136016,31.932923622504536
136015,37.07683044711704
136017,26.779852768729025
136021,44.59763248701892
136022,19.011142139878977
136023,39.88844903747824
136024,32.466293856101956
136025,37.864877932212764
136026,21.926250796791905
136032,14.959928362198443
136031,10.341988293751715
136030,23.408200877420278
136029,23.827445470784603
136028,23.41087334116903
136027,14.181091734688879
136033,9.762094610939995
136034,-0.5968346067715675
136035,14.070944645163141
136036,22.681784469728566
136037,14.226937156319718
136038,-2.5715361305602684
136044,16.414596833306376
136043,2.3291469693508358
136042,11.962542212972528
136041,18.313014247108278
136040,8.845288692097848
136039,4.334963757809726
136045,7.3753002391859805
136046,4.690128254237551
136047,13.165790261972472
136048,18.159641425839865
136049,3.8540503393350756
136050,5.462219431374436
136056,20.065661214789976
136055,16.619569260190122
136054,18.201545471138477
136053,20.33181155789275
136052,12.512042471470169
136051,17.783073614146275
136057,24.863497961339842
136058,31.175694903463324
136059,25.712523505280018
136060,24.622311805931844
136061,22.391136463400528
136062,31.43881722131136
136067,32.46818387243095
136066,44.48538472348339
136068,32.93670978042571
136064,25.836032767993792
136063,25.94139967657044
136065,44.345813569970794
136069,45.043597147184926
136070,58.77387464383406
136071,41.6755388898232
136072,28.19349127483283
136073,41.68445059571958
136074,57.470819011384656
136080,55.02422378869402
136079,68.91732397763394
136078,47.35869312031182
136077,32.97369524749791
136076,55.411067327218134
136075,71.07316752062418
136081,59.721014510756405
136082,81.1179628377714
136083,53.581775681945246
136084,37.37149529381803
136085,57.85578311260394
136086,76.32602710305396
136091,77.36553114869288
136090,82.12660895303146
136092,59.76597331515822
136088,44.334549645838095
136087,68.53809998657977
136089,80.06577211051
136093,94.60873811022871
136094,86.78432199314867
136095,59.74977900151854
136096,42.443717309691344
136097,68.1051678662518
136098,81.09986168729891
136103,81.04897864137202
136102,64.54401806312845
136104,55.63552784419983
136100,37.82692473800254
136099,54.54585048594895
136101,65.7096395202676
136109,63.27609520702198
136108,52.383510177214276
136110,46.87631715300863
136106,38.6273177356787
136105,47.14108451410121
136107,52.009794242079195
136111,48.25440813333744
136112,41.99875981093841
136113,37.76334010206788
136114,32.7610750164491
136115,39.57294803916763
136116,42.473442191556046
136120,39.53742881741884
136119,34.21136333543059
136121,32.72224960420992
136117,31.946812794637815
136118,34.7521779260135
136122,34.76399072877916
136128,34.438709421730145
136126,19.100113231361746
136127,22.89419064449254
136124,23.523530049992356
136123,28.694454198913427
136125,17.78071101861663
136129,30.584880810342284
136130,13.163356057335342
136131,19.710161833417956
136132,28.48053370399371
136133,31.0703498190828
136134,20.57219274337199
136135,27.73283112036959
136136,18.126688602992516
136137,19.31142237684341
136138,29.636880290952917
136139,31.958710089963212
136140,19.370948462956537
136146,27.17970733906964
136145,19.754234414445925
136144,22.609851494940134
136142,27.773727383772396
136141,30.217180221669956
136143,17.77597662833886
136147,30.40320189046571
136148,19.896743530350015
136149,22.20363737810718
136150,31.003900676934958
136151,31.69413999660159
136152,21.116998830357822
136157,35.19209692259662
136158,27.911802063385768
136156,28.63654519747584
136154,33.1775693536997
136153,30.696027866872463
136155,25.147621239496573
136159,37.55869549378192
136160,35.205093709201
136161,30.76173456798658
136162,38.364502680141754
136163,36.95540433148098
136164,32.16371051627638
136168,46.9184046206413
136170,31.863073203090767
136169,38.83133126912271
136166,36.95195420197062
136165,39.528646014457934
136167,39.16838187909701
136175,17.450756674284577
136171,18.91879646364481
136172,31.703153654269954
136173,31.349522140836825
136174,32.56331538067595
136176,21.804161155842607
136181,4.354660574914876
136182,10.20697496533501
136180,17.920737062555183
136177,23.94119367138657
136178,12.586410575205866
136179,13.558176781998952
136183,8.647867839350866
136184,7.421052603156655
136185,16.282401010418546
136186,22.671290587225883
136187,5.5350925356775695
136188,12.119163486602924
136194,12.100562439702648
136191,8.47201331732877
136193,17.09282713920726
136189,21.510130954968822
136190,13.99718742782765
136192,13.132150806321473
136195,20.004340951076045
136196,18.26754950169674
136197,22.462944278567033
136198,22.21559547690351
136199,13.326798903421482
136200,22.906915737459386
136204,32.26467000303009
136206,32.27142303525538
136205,34.275703285775336
136203,30.1681924409291
136201,22.612009652092933
136202,40.47096887991434
136207,39.690847634270256
136208,46.206588744290656
136209,37.71973436440268
136210,31.064844595321738
136211,33.663778933720266
136212,48.05645113122402
136218,51.62350164063083
136217,58.06065912116141
136216,40.64245683473219
136215,35.56394462107875
136213,42.121966087155755
136214,58.56448152488881
136219,57.126507614787215
136220,72.80181764422572
136221,50.25465512120664
136222,33.73188921204335
136223,52.95925305268358
136224,72.6158184715662
136230,66.08821671328838
136228,74.35753091623853
136229,49.63498738079262
136226,42.48428078462868
136225,61.67618901747406
136227,74.27299149427907
136231,76.37831718545448
136232,90.6485055725662
136233,58.81548804414865
136234,41.324677186556215
136235,77.06932408441308
136236,91.7181050876778
136242,97.39003637053287
136241,84.52726552421242
136240,61.632699873275875
136238,53.66242829088486
136237,69.03487305510187
136239,86.06272541552117
136243,84.19977058721207
136244,75.09090351725573
136245,53.2016934371721
136246,45.50382965923793
136247,59.04560463325084
136248,64.11761394281356
136254,67.66934340155777
136253,60.87860002277419
136252,47.81453866404796
136250,43.81021420012627
136249,52.59705553935483
136251,54.16947976276243
136255,57.11689032026831
136256,42.14179826295866
136257,42.08300001062359
136258,35.04023774065686
136259,38.672931362331084
136260,47.204960753890546
136263,45.04543352789605
136266,49.218164130092596
136265,38.162875554973226
136262,41.179026795516194
136261,38.31037118643201
136264,36.06393474863218
136271,48.356897317719636
136267,45.08422284884562
136268,34.37980819689868
136269,25.853617034890092
136270,31.56409036748596
136272,26.279812143504422
136277,40.86160201984817
136276,28.69409958660261
136278,28.088335565783105
136274,28.11868249183788
136273,31.238113581927152
136275,25.245728867075517
136284,44.37361003203689
136283,27.556154007509903
136282,27.952789749814237
136280,30.07068858175557
136281,33.2629886531362
136279,29.310464899429476
136285,49.53559245129891
136286,34.504820050196024
136287,26.096504955291138
136288,33.56350173292467
136289,38.02636655465045
136290,30.013996629284264
136296,54.466032119500994
136295,32.71286552280252
136294,31.145654419285982
136293,34.034156484251014
136292,36.97223436479485
136291,31.11449758994467
136297,58.98466894754061
136298,33.719323824203336
136299,32.35360865356652
136300,35.19867042810689
136301,38.490354702906934
136302,35.81353084362832
136308,58.92857057894925
136307,30.44396905212109
136306,38.3587119561998
136304,32.75440949760483
136303,38.95503024262133
136305,34.078514473816114
136309,57.443400604379676
136310,36.43953537927344
136311,46.40713027058637
136312,33.98874745717647
136313,39.21457724199308
136314,35.38799763292978
136320,23.427092088296032
136319,22.475470315105113
136318,31.492007297217114
136317,27.945161785344606
136315,32.37969887821855
136316,24.350221630852907
136321,5.658884270482778
136322,9.414353232018174
136323,19.353593504082653
136324,20.680194759105984
136325,17.246390477815694
136326,9.900545491700587
136330,10.192042289704467
136331,5.410037656426127
136332,18.832018735924756
136329,22.720648197009915
136327,12.19820455588813
136328,8.684745017351473
136333,8.490026850084533
136334,13.679586422504885
136335,20.912694019889273
136336,24.77872063124541
136337,17.181799935523394
136338,14.072386821360748
136339,16.822563987491208
136340,24.230471801723702
136341,27.38282287836505
136342,28.350050226521045
136343,24.40820900339375
136344,20.846605083077847
136350,29.8584409583817
136349,34.57612057667678
136348,31.774080774435788
136346,31.90354182833248
136345,33.08173926121758
136347,34.63998243401748
136351,37.13582054424927
136352,47.51725672821847
136353,37.99284727364408
136354,31.93496891826293
136355,41.28625382315003
136356,46.168687242428526
136361,42.4598071659961
136362,52.41380620158725
136360,40.61227722627705
136358,36.30393142390329
136357,48.81466725669101
136359,50.06000654582273
136363,45.43827178893915
136364,54.33712484915096
136365,46.625685019170625
136366,35.87907049282829
136367,50.707158936678084
136368,55.62512436335072
136372,47.123980774476834
136374,63.536000919589675
136373,48.25531596165811
136370,39.703668163311704
136369,58.49329763645853
136371,59.28069363361651
136379,71.18922887899944
136375,78.52501492965071
136376,61.516325431617034
136377,43.757553793084845
136378,74.67133436447222
136380,75.87493689503938
136385,91.1285889540328
136386,80.51815140670453
136384,56.283164444922974
136382,39.82979942044736
136381,66.53833958483187
136383,79.4945459471
136387,76.90087896278968
136388,68.21482339305675
136389,47.52479726109163
136390,35.40023737925826
136391,53.20519184024793
136392,62.115081515894005
136398,60.310268481208325
136397,49.06034763860537
136396,40.96912511157724
136394,33.20145485774693
136393,44.68417478872118
136395,47.24917957470609
136399,44.43693899793725
136400,34.24350177689974
136401,35.07758706743455
136402,27.972213962130915
136403,34.70328313819457
136404,33.943187091962756
136410,33.4515815382534
136409,26.028642723878555
136408,32.17024690882738
136406,26.975030194702008
136405,29.935390849487078
136407,23.7566786434216
136411,30.16904664108212
136412,15.568435478485139
136413,22.97595426722128
136414,28.090322039320665
136415,22.49832602381896
136416,17.027686941557608
136422,27.33326827905531
136421,14.090273236671855
136420,23.237819784070638
136419,27.397743707626137
136417,22.13803580969732
136418,12.454868949352
136423,24.703279878716582
136424,6.3482527495860275
136425,17.72268854128862
136426,30.36828418260864
136427,23.365114540129497
136428,7.884271566047504
136432,24.356264360530425
136433,6.901259693572122
136434,16.592886109927502
136431,26.53169713302859
136429,20.32499827158056
136430,7.194049449055459
136435,19.07810210574361
136436,3.4575609172412882
136437,17.080761266185498
136438,31.17122060643937
136439,22.77559310373458
136440,6.301225933446116
136446,17.49700518958676
136445,8.249787007011829
136444,22.438976766584588
136442,26.823956222967517
136441,23.680076664975264
136443,9.727480202217189
136447,27.477763881655694
136448,8.975089037993861
136449,33.29372308621634
136450,32.61802663409011
136451,29.088541902416626
136452,9.369688581548331
136457,32.94184877148196
136458,15.53813207480249
136456,38.5410031117343
136455,34.24975170392079
136454,29.032410111435958
136453,15.341138018708405
136459,4.597514314108399
136460,5.393281442232203
136461,32.39144568755536
136462,25.953555100128188
136463,24.635744568561194
136464,9.922700414243574
136470,-0.6137326375810108
136469,-2.7984006214015356
136468,16.57028569307871
136467,23.866253363417115
136466,10.710551464331349
136465,-4.211868780508599
136471,4.14486339379457
136472,-6.427579078432572
136473,14.607433719161955
136474,20.8489211563408
136475,9.6033353365763
136476,-7.3725363478961565
136481,4.068842699527114
136480,-5.36660469655336
136482,13.636588583777487
136478,22.701381568104296
136477,9.44007377751686
136479,-2.6621261054100938
136483,6.33085719399765
136484,6.771320796859211
136485,19.10129217963042
136486,24.949276232458327
136487,14.372552833720038
136488,6.66406813128552
136494,19.61688602060797
136493,18.50696179159778
136492,25.55906521134284
136491,29.014297643533922
136490,25.55330264678198
136489,20.43770467309029
136495,25.591605871279175
136496,29.96668429220047
136497,30.418735727837284
136498,28.620614235217637
136499,31.13701142140531
136500,29.678403338758518
136505,36.44547325552129
136504,34.80224890718084
136506,36.11166896570562
136502,32.95449483795046
136501,40.995712238331556
136503,36.810664522874696
136507,43.56775508239588
136508,47.33830156341046
136509,43.14959870041727
136510,32.780068526857725
136511,47.61285452294642
136512,43.571160526221206
136517,47.87446504513831
136516,57.544851866008145
136518,50.53984686100837
136514,37.34981960195795
136513,58.06411441798021
136515,57.067611242350736
136523,66.93670700050409
136522,72.47775382144218
136524,41.7376095779604
136520,43.29426419747229
136519,66.78772095988947
136521,63.769459590301096
136525,86.98601469249695
136526,71.92310776531343
136527,42.69708192834554
136528,39.04378477132251
136529,61.08830801098303
136530,69.98274952863893
136536,65.55622498516485
136534,52.48494333973032
136535,43.84385739737037
136532,38.60589994189989
136533,42.9036706848467
136531,53.23368127838401
136537,56.34112650199471
136538,41.340601614452545
136539,36.408817910193974
136540,32.91174376773239
136541,34.78093848114845
136542,40.670578773669675
136546,34.99396790765239
136543,31.21476313473898
136544,32.15149070319565
136545,27.494097567443475
136547,28.545613873820407
136548,30.07906777969491
136554,22.42256083231469
136553,23.061931088870963
136552,27.567376582338788
136549,22.400046082657685
136550,16.547328948178965
136551,22.13067211022621
136560,22.327576013647082
136559,16.92779605074093
136558,21.46481810152426
136556,19.54251619493321
136555,17.11763306951148
136557,18.75596296521295
136566,19.82833624854068
136565,16.115087023137583
136564,19.877483005067916
136561,18.816186387511134
136562,15.256148636851034
136563,15.279704678788256
136567,22.07342804749827
136568,12.735418329241138
136569,19.84654277978774
136570,22.821075772002963
136571,17.358749684741284
136572,12.55981408387888
136573,22.359139547855882
136574,11.287235669613885
136575,20.64511210910285
136576,22.996044832209588
136577,17.57114208224958
136578,11.368348537891459
136583,23.33372628907756
136582,14.292485065653581
136584,18.48867066947971
136580,21.29350232564388
136579,17.35909893282664
136581,14.1896387641699
136590,21.803594188552296
136589,12.823743923864301
136588,21.05405992702114
136585,21.691812358408356
136586,17.766186770655125
136587,15.745834188915465
136591,22.45468618458093
136592,12.694749515217554
136593,22.487527038944165
136594,25.020805472792176
136595,22.35256266608686
136596,19.449728674104996
136602,24.30406441106199
136601,13.773976923954297
136600,22.56445331868474
136598,21.565253551391542
136597,20.87581153093912
136599,17.855158499264316
136603,-6.79509552299501
136604,3.2955428573409753
136605,13.318282060824338
136606,19.896063515575307
136607,18.394303695929526
136608,7.839151803952103
136614,-16.897105197543468
136613,-6.192379304837338
136612,10.96979274965041
136610,17.85399848082035
136609,8.823385299743123
136611,-9.049115982127738
136615,-14.260757950950484
136616,-10.63710984313091
136617,7.605665630813973
136618,14.819720768200629
136619,4.607885704676139
136620,-17.73231723455265
136626,-4.62752797141664
136625,-12.517820892750237
136624,7.767022115216059
136623,15.37649579074703
136621,3.8730785108024133
136622,-12.843358425649257
136627,6.183390024275482
136628,-7.2050311505577875
136629,16.14612758424971
136630,16.99859092268067
136631,11.949526773489314
136632,-4.054997487188151
136636,23.377834721589856
136637,10.96194891701693
136638,23.633659488250398
136635,23.604558594867484
136633,24.834628099021227
136634,10.08802757251467
136639,36.30491563272403
136640,17.916893405616293
136641,30.52168407795037
136642,25.97795168241465
136643,30.234801630651262
136644,18.873295634423084
136650,45.72093869985381
136649,30.130958848022274
136648,35.00185314016202
136646,29.263285975863933
136645,41.364227354075716
136647,30.016454070854383
136651,59.865745439067396
136652,44.673423115460885
136653,45.22696739799375
136654,33.72797352735792
136655,51.161513542925825
136656,43.42028435288886
136661,68.7011829579084
136662,57.23738644760788
136660,49.35649649564631
136659,37.71236649031458
136658,61.478806655954166
136657,60.271264766249075
136663,77.6857897188336
136664,72.2412074348014
136665,58.33232235101417
136666,44.46683787792604
136667,72.4637605663337
136668,67.83777168284183
136674,86.13807717631602
136673,66.0960597738945
136672,52.401804957192866
136671,42.06356656522073
136670,65.11450378826667
136669,65.56396114765612
136675,63.82999217605241
136676,53.270345461833045
136677,44.88532023912844
136678,28.468984749575284
136679,51.716906946107684
136680,51.44619903173809
136685,54.70177863694734
136684,42.442416588044274
136686,40.49857748806663
136682,31.03134804463392
136681,37.008682537920826
136683,43.2183559486777
136687,41.51958622423069
136688,36.88197758476337
136689,31.091538870570645
136690,25.799092788549608
136691,31.74979686452093
136692,36.025394246483756
136698,34.241058771183845
136697,25.868270121980604
136696,28.28610180840399
136695,22.698228668368216
136694,25.847988364445648
136693,28.6511189163792
136699,28.98666874367628
136700,31.120222609899592
136701,25.067339488207637
136702,21.23687127566283
136703,21.307741571319646
136704,34.828963341061666
136709,26.38815199400502
136708,25.29007209635113
136710,22.53276061155855
136706,23.762727613841506
136705,20.693144308844467
136707,24.981786193623737
136711,24.34334104415645
136712,20.482780088526134
136713,21.80756390411343
136714,23.691314452757958
136715,22.604912841990753
136716,21.524718321157145
136721,25.24048299271105
136720,19.516615238841396
136722,19.82984863167008
136718,23.967175710882316
136717,19.683047066651266
136719,22.24340358378783
136727,28.65672688507314
136726,21.34583022034613
136728,20.29473301410032
136724,23.945350909204027
136723,21.07633698149187
136725,22.747065159235042
136729,32.723408336884084
136730,17.421364117815948
136731,24.630549813542387
136732,23.75992716785825
136733,24.100367093239228
136734,19.98341743410545
136740,35.045474793312614
136738,16.066521593066295
136739,26.59418154301958
136736,23.88824325205055
136735,26.496169495158462
136737,26.747400505570972
136741,35.57406542815531
136742,27.9288643718833
136743,31.165624550728033
136744,27.478464381310467
136745,29.633615049752486
136746,26.045321179465184
136752,9.174572461164722
136751,23.542949382348496
136750,23.061541646502782
136749,24.7061237205913
136748,26.693191976015918
136747,21.930345073679014
136753,1.7433025872203949
136754,19.71516739080806
136755,23.396510321650783
136756,20.410668428236526
136757,22.836984021070315
136758,18.994499591052453
136764,6.776049269874214
136763,20.005562866053467
136762,21.015940961658963
136761,22.995893939665354
136760,23.82557696466768
136759,18.741181046656898
136765,20.419102551652323
136766,26.166120725878585
136767,27.36991474119059
136768,24.788970149930645
136769,29.429881633977942
136770,25.864439552999343
136776,34.741042224398356
136775,38.12375109575647
136774,33.421583541173014
136773,28.43790619756375
136772,39.05847960182345
136771,39.33316861171559
136777,48.58046698650063
136778,53.84804732106413
136779,41.1810972260367
136780,30.271555524020563
136781,45.07158545046835
136782,53.344408142034155
136787,60.228113426020705
136786,61.264406992963984
136788,48.042479062980576
136784,35.452322626299896
136783,53.44503799393679
136785,61.1449972821992
136789,70.82443677604206
136790,68.08237728116724
136791,49.15550930816593
136792,34.46714926674193
136793,56.881591373336
136794,67.77518885653038
136800,72.64019346153643
136799,69.43203575439394
136798,51.38756463157338
136797,36.54122632278415
136796,60.98423564664039
136795,71.47110178179521
136801,80.3401466891832
136802,81.01986200534418
136803,56.98447555374475
136804,39.00854251899603
136805,69.18930193849036
136806,80.92665976298434
136811,99.28644751563316
136810,98.06729993987857
136812,69.77045935794293
136808,48.83473939223012
136807,88.06570426505081
136809,98.23947391783202
136813,113.33002070537046
136814,94.24689968157564
136815,64.46075604146554
136816,52.157903411877264
136817,79.43653331009995
136818,93.9023104320824
136823,76.16611400733377
136822,68.60231753030763
136824,51.37419353910263
136820,41.328665154253756
136819,63.47627442378723
136821,69.30770871121707
136829,51.83956265039558
136828,54.62082860618617
136830,42.0520035822954
136826,26.434227684741757
136825,37.289302880224035
136827,55.741127704750895
136831,38.83229028555594
136832,39.03053362566854
136833,35.239234177903214
136834,19.711730547360617
136835,33.135163594291726
136836,42.067389203657825
136842,29.567209871651322
136840,27.531764394022527
136841,28.95909486603042
136838,19.13305536644771
136837,23.187865781246636
136839,33.64562161525062
136843,25.640066826653186
136844,16.528454854222666
136845,21.513533021621555
136846,12.993164933117015
136847,15.677226199115665
136848,17.92831302359346
136854,18.322614158657146
136853,16.666440928510816
136852,18.58622467382365
136851,15.336571381765543
136850,8.709900048029635
136849,15.800604133488338
136855,17.974399419908664
136856,8.078084239032314
136857,18.88837803574544
136858,15.847876447927247
136859,11.165881774637587
136860,9.266995211199621
136865,17.906425788604015
136864,13.264560939288753
136866,16.491919939271234
136862,15.932643073154523
136861,9.988604887036315
136863,11.331634609969399
136867,17.9557408561281
136868,8.083041518389969
136869,17.937127424026272
136870,17.809841954697934
136871,14.322677061179508
136872,10.402180450583515
136877,22.181240597900754
136876,14.524260132643905
136878,16.759542297428315
136874,15.9998981421316
136873,15.708500338701002
136875,15.107510025197119
136883,28.57739959806672
136882,19.682025707591777
136884,18.390084280249226
136880,20.236341181603954
136879,20.815288680314847
136881,19.970831896261366
136885,27.284376716560395
136886,21.31613521261528
136887,21.99814595416693
136888,23.563712791294222
136889,22.281591061684757
136890,18.745202534938862
136896,0.2833933556585224
136895,14.861096020017165
136894,16.089010537849195
136892,14.44212270416179
136891,19.027102281522527
136893,17.516457944204138
136897,-8.045299413916295
136898,6.702405197785411
136899,11.538807414766307
136900,9.904057456601889
136901,11.071066402108862
136902,7.856404980796693
136908,-6.530191516590734
136907,5.476864337522925
136906,7.172377302542429
136905,9.10614290443378
136903,10.344922524072091
136904,6.738448609627529
136909,7.00136132199267
136910,15.923207040927252
136911,15.84137851764222
136912,10.58741305578409
136913,16.791295807808524
136914,17.67293272656925
136920,27.197122992080168
136918,24.098085651566866
136919,24.120813320444928
136916,21.766091992006235
136915,31.212760205582754
136917,26.36450044251295
136921,47.19313020325919
136922,40.32230037379593
136923,35.44443504205848
136924,23.496367904509654
136925,40.659418241418905
136926,40.920519045939145
136932,64.9219487503486
136930,47.55694084391065
136931,41.018746696075524
136928,27.92576940299348
136927,52.187301747552794
136929,49.795248090305904
136933,79.27234927256897
136934,57.81738617861832
136935,48.9810199163785
136936,27.774639909344586
136937,54.658485374113226
136938,58.289881947339026
136943,87.24448719460419
136939,66.48596221087908
136940,54.42395001208261
136941,33.10684586152129
136942,60.779127508774124
136944,65.9237374506103
136950,88.08956657998823
136948,75.06450807383615
136949,58.62592986580668
136946,37.80511238185556
136945,75.21031161071028
136947,76.47424711098063
136951,113.68425633802045
136952,98.18447056631973
136953,71.54983875733856
136954,44.155646591800455
136955,85.86083834374006
136956,98.85364266897028
136957,120.9652770911463
136958,95.175367884491
136959,61.527649705797074
136960,47.79721433207371
136961,82.89271799901078
136962,98.84979900416226
136968,85.45333297910288
136967,73.76781586881783
136966,56.22361649661035
136964,41.4367204943028
136963,60.17919915854136
136965,74.16547328167019
136969,86.64930319559494
136970,63.99963750863579
136971,49.18174086703377
136972,34.28158220606251
136973,44.4918106639108
136974,63.64629137661178
136979,62.389226006356495
136980,51.962528145418204
136978,43.70820776567839
136976,31.622425121744076
136975,40.79358296704119
136977,50.07470585906056
136981,52.72163864335412
136982,43.48124511450337
136983,40.50112121635816
136984,28.341862785225995
136985,32.188215244642166
136986,49.88539334593162
136990,43.593328912348845
136992,36.32702191554155
136991,28.0743801830084
136988,20.940043274615444
136987,23.787401129430176
136989,35.04877335969445
136997,37.216916048861506
136993,24.956476128857613
136994,26.09287650502201
136995,20.677770392586588
136996,22.114709129352317
136998,25.23357403229199
137003,33.010645712450795
137004,24.575984265701074
137002,24.896890005235825
136999,21.04688036824347
137000,22.27874098382127
137001,23.94859507173754
137005,34.34103045373756
137006,20.929663770008524
137007,24.644774370360423
137008,22.896387693159383
137009,22.648509556026394
137010,20.16883614067936
137016,49.354125919789496
137013,19.949924688246742
137015,25.057358917934515
137011,26.812102449474033
137012,22.404404763088024
137014,25.937423810554414
137017,43.25517396168944
137018,36.669305280732544
137019,26.933678830338536
137020,25.902234881502828
137021,24.23484137559403
137022,31.20365198030924
137026,37.691933843342476
137028,33.326665690404646
137027,29.887726829170717
137025,28.31730797566398
137023,28.54327505919723
137024,33.15093035092755
137029,41.713853070218995
137030,33.135823763968894
137031,30.546474636699617
137032,27.579754016995743
137033,27.918366204138756
137034,31.389500427011804
137040,28.800035565954673
137039,25.092737832415303
137038,26.357462305119252
137037,23.046190611580272
137035,29.946342630619505
137036,29.18292142656177
137041,17.587419738226455
137042,24.648429162959857
137043,24.83572014644619
137044,21.112763978151726
137045,28.82753148453383
137046,22.130282698182818
137052,15.385945740680542
137051,19.88256404364004
137050,26.977449783139225
137049,20.10974522132173
137048,31.852393382079143
137047,26.15611330537416
137053,8.677665031785205
137054,27.10437278182588
137055,33.17204001622305
137056,21.365615386101034
137057,38.61829880056521
137058,25.261400903550324
137064,11.885048295022031
137063,33.67778040970157
137062,39.69806048781932
137061,27.788956391931304
137060,46.0246358024868
137059,35.673572429863746
137065,27.890660630419294
137066,43.64415482512301
137067,48.987603949223455
137068,31.945620134740906
137069,56.83551193984961
137070,43.276389748744165
137076,26.386821626001513
137075,49.371784367556664
137073,55.89674201984677
137072,32.61117043935222
137071,65.47482694660792
137074,50.698342575018515
137077,39.38297160570079
137078,48.01253995603458
137079,60.12855377695301
137080,39.594353850652055
137081,70.11151710822831
137082,48.80939056840672
137084,42.51524057549513
137083,53.36806546805575
137085,60.590555093715594
137086,39.109375128302624
137087,73.25053608118074
137088,46.60545040624056
137092,53.69162131349686
137091,57.097492499347666
137093,63.11627350216874
137089,34.44019572125138
137090,73.86795125372561
137094,52.63953148688738
137100,70.99664275354097
137098,62.21001840498517
137099,66.57570286503082
137096,41.122363776485216
137095,77.29565043368805
137097,63.46685245833379
137101,97.13566675270307
137102,63.354583793618836
137103,50.66632134670586
137104,46.662847699665356
137105,67.09150663689785
137106,63.073278897102
137112,82.21197116591068
137111,57.44247821764671
137110,49.6023834439348
137109,44.86691847869727
137107,63.378307299841886
137108,58.259172368831784
137113,78.98131639582428
137114,50.9489854974467
137115,41.92593661373101
137116,36.5608008332794
137117,55.309927035316555
137118,51.96986743140752
137124,76.62121865635933
137122,39.861391061070755
137123,41.764430133314704
137120,37.32526093310995
137119,44.4867046367527
137121,44.963299940158244
137125,70.85415699149694
137126,37.71645547741995
137127,49.28898894904172
137128,32.980192052362064
137129,33.65783784115724
137130,36.126129552219595
137136,84.76100289731123
137134,32.04575399590816
137135,37.358123073363075
137132,27.495668422755877
137131,31.763432024231463
137133,35.504985048280204
137137,49.691077107152594
137138,32.56826437879785
137139,32.15474807258016
137140,30.659735570757242
137141,22.02514893491793
137142,30.837268366410978
137147,36.59854711911728
137143,30.21506362957566
137144,33.00462759038687
137145,30.59208784158641
137146,24.816667050921144
137148,30.82315365615681
137154,46.12639407922947
137153,28.282965936843468
137152,32.85973771935479
137151,29.829871284241694
137150,25.550671531246792
137149,28.644059550016415
137155,55.20019732076943
137156,28.538358232792064
137157,32.95613090713666
137158,28.597618429916714
137159,27.26439826103825
137160,29.50230464608554
137166,60.09639186926854
137165,31.291449594026084
137164,33.97891256774277
137163,32.03800810298243
137162,41.10644450307839
137161,31.649579068521128
137167,71.14065838453459
137168,32.99245834188068
137169,41.66092313128797
137170,34.8374756469678
137171,45.59275525215974
137172,31.468611103601415
137178,64.10087690412573
137177,34.99477848400588
137176,38.75747064574149
137175,37.05414062494907
137174,41.55425581919529
137173,34.88589537023384
137179,36.86941253268765
137180,21.9266151466312
137181,34.61095472747657
137182,32.50548569366535
137183,35.46401901767614
137184,23.987165336465722
137190,13.009305352600927
137189,12.02133170689152
137188,17.056324543144992
137187,27.178486342079584
137186,16.233687798333534
137185,15.541385565662685
137191,14.717255406050985
137192,6.0291037120297695
137193,17.056011636233634
137194,22.754476350207064
137195,-2.8755280698618613
137196,8.364309406540666
137201,18.379915333835505
137200,6.050972539243023
137202,11.45913208710699
137198,18.7852727305819
137197,4.858975111057965
137199,7.37212341321872
137203,21.655836014556478
137204,11.157117979340043
137205,12.379034049234377
137206,17.00416157174039
137207,11.335698157417756
137208,10.852585956715195
137214,24.931530176320763
137213,19.239590950449113
137212,16.473130256593144
137211,23.24243692527575
137210,13.671811446836408
137209,17.771798965121313
137215,29.1179762672129
137216,23.331006551072335
137217,23.747820615391756
137218,23.166035822239262
137219,14.759604662055681
137220,22.106977893928764
137225,29.835851906488188
137224,27.616715040735034
137226,29.953370642088174
137222,23.533568771741585
137221,30.79637551379428
137223,26.18773671817266
137227,38.859010586602906
137228,32.29214185440758
137229,31.57406727675118
137230,24.52333597820202
137231,18.543556824692452
137232,32.37907323060374
137237,48.67232941664916
137236,42.604350626906
137238,41.09632727501175
137234,17.217587446128874
137233,32.58194653615882
137235,43.85309924487985
137243,79.44120690374118
137242,73.39527571741186
137244,56.307683523294024
137240,40.84424373530365
137239,58.754370863915106
137241,71.26329092851117
137245,110.60158259760908
137246,81.89976771002812
137247,60.59588397160626
137248,49.3960310723616
137249,63.6502000779046
137250,80.27758913763643
137255,93.32933272613528
137256,73.78524192299817
137253,54.51353730115561
137252,51.67884234910701
137254,59.38756841702105
137251,74.02355228875884
137257,87.40147230363499
137258,63.60269493509378
137259,49.72075380742203
137260,47.83047288728895
137261,53.48327338036043
137262,59.59104342245305
137268,68.95999892475136
137267,48.644028710079965
137266,45.06656131382162
137264,46.1013805744249
137263,50.009023644041136
137265,51.01034656047521
137269,53.75397423377447
137270,38.79302608306455
137271,39.19902555784077
137272,48.57693476255055
137273,48.33638409508734
137274,40.40437600672949
137279,56.41636351511595
137280,37.69475726481997
137278,32.50916307053237
137276,32.133056683250516
137275,36.062681349226864
137277,35.15548089641855
137281,49.34861599302218
137282,33.28466299565908
137283,33.98624323101543
137284,31.281352625350443
137285,29.89657630040334
137286,34.23283341251924
137288,46.33885684832524
137287,33.88254262362741
137289,31.727357862670544
137290,30.262894300801854
137291,26.897866876992687
137292,34.855153503893824
137296,48.19409407157045
137295,33.994512590759754
137297,30.166574657145155
137293,30.618820976487697
137294,30.736722484352136
137298,31.048655823304134
137303,43.92314751004771
137304,41.36769940444706
137302,32.62518049321171
137301,32.14252208773915
137300,32.224743793019606
137299,29.52722646061386
137305,46.64573172566402
137306,53.73601981370511
137307,34.09275206988486
137308,35.95992873880223
137309,32.50513144280173
137310,40.306369522253604
137316,50.399254550106754
137315,54.944718561248884
137314,35.90031525706216
137312,39.61516129237319
137311,38.29211378368876
137313,43.16805099918656
137317,44.30140384175283
137318,52.548042079462135
137319,30.704351924406854
137320,39.25632096968983
137321,45.13332420961981
137322,47.30596383306835
137327,3.1993958069246666
137328,30.747699387055864
137326,19.624661130018346
137325,25.716910712563898
137324,29.51783917576085
137323,25.027083236554386
137329,-18.200069345533713
137330,-5.077339218527396
137331,6.244376274644708
137332,18.99537410175273
137333,1.92746125382771
137334,-12.4611784369218
137340,-9.213443528180312
137339,-7.6844714913303385
137338,5.6500994089714265
137337,17.903098088067576
137336,-4.717453464577462
137335,-9.209625687461676
137341,-7.3534940715126105
137342,-9.622465723813596
137343,7.410431146739532
137344,19.08119871012513
137345,-2.6528774281566907
137346,-8.970967884891202
137350,5.615822794945132
137349,-0.3270945380702095
137351,14.98103477232973
137347,21.890693619416144
137348,5.326511821416959
137352,0.2753040418395436
137358,18.122630958050618
137357,13.34917440170791
137356,22.625692361751966
137355,24.790148882172872
137354,15.752224692226434
137353,14.572670861663685
137359,30.099075305014157
137360,23.511185833008295
137361,27.32672027106178
137362,27.76975883243155
137363,20.857601043014295
137364,23.695757257559904
137370,39.88178398754445
137369,27.53283638970428
137368,30.590269421419798
137367,30.369953589204343
137366,26.408025423492035
137365,28.903751723925353
137371,48.25345031528938
137372,34.354680580571916
137373,30.88462580455231
137374,31.346894831337373
137375,30.804504124785176
137376,35.319947143326544
137382,56.92599706844523
137381,47.98627247570329
137380,44.40531684257666
137379,34.357977753838824
137378,49.2078403901724
137377,50.71020442226746
137383,87.69079730954257
137384,80.25294177997165
137385,63.944008390999045
137386,49.21410120848526
137387,71.65320891842731
137388,78.28259285994284
137394,108.27191509293095
137393,74.66120503873836
137392,61.26971272967694
137391,51.343973106848665
137390,74.86740627048832
137389,76.57018033034623
137395,85.76138000619949
137396,55.522605740588844
137397,51.287934821863956
137398,44.270986253251245
137399,60.5909651591509
137400,56.608380200856416
137405,63.516807364008315
137404,32.27639826206835
137406,39.01277553993226
137402,29.174778441339747
137401,36.37542461602499
137403,36.861171226451646
137407,38.14612597618297
137408,21.573229943593237
137409,32.21660831360529
137410,22.977667101566205
137411,24.684976275129067
137412,27.75167662947376
137418,30.613101443763185
137417,18.516045247796065
137416,27.920968447636767
137415,23.662710055875287
137414,23.68823471919187
137413,19.612681598481256
137419,18.30683585405871
137420,5.218251177170388
137421,15.879185876049387
137422,21.170183786816217
137423,10.764116901064275
137424,7.672502753563345
137429,15.697705237543143
137428,4.316115045075876
137430,12.513678507622515
137426,15.219343515617208
137425,11.03169730506283
137427,7.438101781660777
137431,15.321572040888135
137432,1.2416146212289219
137433,14.601389036024369
137434,17.90881843902951
137435,10.79734606416768
137436,3.5522193642707505
137441,12.142899009881916
137440,2.617826203636458
137442,14.041037615560608
137438,16.960944012081924
137437,9.999870801003382
137439,5.337185239684171
137447,13.955406702973333
137446,7.611607592859206
137448,13.698205066077977
137444,18.8973801267233
137443,10.34051914717022
137445,8.541475371170797
137449,16.19918255852825
137450,11.207168568542922
137451,18.08332207334065
137452,20.82519235137898
137453,14.93723316869818
137454,5.555196365349904
137459,21.70195933622646
137460,8.676318464196482
137458,29.524241269404513
137457,24.877859878875988
137456,17.355395622776832
137455,6.648185499215817
137461,20.14378779149528
137462,11.073529180259634
137463,33.79244742463312
137464,23.60058226720907
137465,18.1673536688673
137466,10.73231252223512
137472,-3.631692282551981
137471,-0.33482089780097457
137470,16.864971791761217
137467,16.051938405644307
137468,9.028710415646112
137469,6.012724123455795
137477,-15.331285690204204
137478,-22.37290545280588
137476,3.7197897920645753
137473,14.533091161026018
137474,-7.952502255607874
137475,-18.853639329989267
137479,-6.355408127093353
137480,-13.776652685700505
137481,5.065240816403753
137482,15.23892772951774
137483,-12.699910622334663
137484,-14.873153707356256
137489,1.9610662160542445
137490,-15.211709662483418
137488,7.6196521178272345
137485,17.973460108359003
137486,-8.690521212500345
137487,-17.12912875388223
137491,17.984729314085037
137492,-2.7177245580065144
137493,14.49981337139656
137494,23.201798002846846
137495,-0.7550466448781616
137496,-4.81270258998482
137502,30.001322511492486
137501,6.480083779552725
137500,19.15284302104833
137498,27.47931403752068
137497,20.608208689216397
137499,5.600826687204725
137503,41.136024875753755
137504,17.164098451372052
137505,21.141904573891054
137506,28.991898940777133
137507,25.782630052506327
137508,15.438399421286864
137513,40.088323844804464
137514,23.12844032363136
137512,26.847584338873837
137509,33.86657216659647
137510,27.902927385041423
137511,16.82778963472275
137515,48.99757244147253
137516,23.82655351952017
137517,28.597107867944523
137518,29.22453584686152
137519,36.64332173222851
137520,23.970575178105967
137526,50.71198210950966
137525,37.61210045920354
137524,37.00644825710872
137522,33.09516509848382
137521,43.7406307701152
137523,35.54381641668866
137527,68.88367779496491
137528,64.4341098639832
137529,55.692084581134864
137530,43.60086385141413
137531,58.98220335378947
137532,66.34887281958986
137538,79.59075246450445
137537,56.849580978447975
137536,47.438297818323505
137534,38.627878057951214
137533,59.477739133427285
137535,55.877713403684155
137539,60.081890989382686
137540,40.435487198700734
137541,39.556645620803124
137542,28.27992001101698
137543,31.614652115273625
137544,40.95216716761312
137550,40.0383027247798
137549,26.21966017142767
137548,32.460431032101496
137547,24.918283845492315
137545,27.71964353666192
137546,28.012644884905928
137551,32.18658564050276
137552,19.275851729364092
137553,28.731302027278154
137554,22.697094815425277
137555,21.4738353574407
137556,23.665831411750496
137561,23.59855467099625
137562,14.810950221405228
137559,24.800070254458866
137558,25.412031429582076
137557,19.29781064835688
137560,15.019702176129663
137563,25.883529066155084
137564,4.612637899705998
137565,16.14724376793723
137566,16.93248458112793
137567,10.895141264879094
137568,5.239642973995991
137571,21.137905175102958
137574,4.233803370559437
137573,14.89817767513447
137569,18.772810220719315
137570,12.297593551001993
137572,3.889957203393484
137580,21.544845337991003
137579,3.786889676228614
137578,16.42273967172227
137575,20.121623483256663
137576,15.593458991033605
137577,3.295123080962183
137586,22.674307966925902
137585,4.240619660083122
137584,16.519850590938983
137582,20.965809783114764
137581,15.981276678348012
137583,5.414290030717234
137592,32.81360918232481
137591,10.73304731604628
137590,21.376132439448632
137587,26.285127215303362
137588,20.128981154838364
137589,11.15458743452959
137593,36.89452788076793
137594,11.904909608167543
137595,26.110069902222936
137596,31.65836992014797
137597,27.176030283649595
137598,15.592919563057393
137604,33.925994429889975
137603,16.914358951151396
137602,30.318520852685676
137599,30.200795811013926
137600,27.254227297376367
137601,18.06521723848065
137609,32.471026115766584
137610,17.13205856349966
137608,32.76723921712205
137607,32.79461319175911
137606,30.441583568716947
137605,16.73612306654678
137615,7.990911244571164
137616,7.940731654475773
137614,23.0290002845394
137611,23.472562182630448
137612,17.954821338117387
137613,7.745817815898791
137617,-10.128104369007428
137618,-20.73699223265477
137619,5.001694205776789
137620,18.584696142268886
137621,-2.958073362118058
137622,-17.432542862770767
137623,-0.4380010714719962
137624,-11.09843900225738
137625,5.031572175456146
137626,18.561088086140003
137627,-8.870829009944302
137628,-11.500176039246162
137633,-3.518337966200275
137632,-14.220855338918057
137634,4.380712927513676
137630,18.81262116174792
137629,-8.013229751562548
137631,-17.903806536966897
137635,13.51467323402288
137636,-4.647155909445845
137637,7.491504024323881
137638,16.384537171321384
137639,-3.9109544839038755
137640,-7.103625132944828
137646,18.903456788382947
137645,0.4724378733463972
137644,9.848184093513439
137643,20.34580936822423
137641,4.894119886718636
137642,-0.21792245940220134
137647,26.898859094213392
137648,9.206098550308171
137649,14.491840878152471
137650,18.058238999305622
137651,16.124857000014728
137652,5.719946257639037
137657,30.00460173130606
137656,12.387289383103568
137658,24.94906488654354
137654,29.09654400567605
137653,22.60577933297709
137655,12.253321197042522
137664,41.404482535655376
137663,24.569166015214932
137662,25.025319366889146
137660,30.081428918846562
137659,23.418475048937697
137661,24.961818798078685
137665,41.26463901765041
137666,43.314030488750504
137667,36.75474037060184
137668,32.5782157012619
137669,35.889555706295674
137670,36.49195499368057
137676,71.12502168462068
137675,60.827429001733584
137674,50.30405175308996
137672,40.479955674604824
137671,59.06487609830552
137673,64.32048417908527
137677,85.00701287427798
137678,61.63108519435593
137679,52.06951793930772
137680,38.148293607185344
137681,49.162692104195585
137682,58.3993141649791
137688,63.332373004030515
137685,37.35756454669284
137687,38.836954688601736
137686,31.026942111093728
137683,40.80032438678707
137684,43.2302261155272
137689,54.79794643533251
137690,31.218022454319023
137691,32.802675125393584
137692,27.282424531538418
137693,30.79860250868356
137694,31.625158210609925
137700,38.92948997086913
137699,20.371805516405697
137698,28.55313436261966
137697,26.195997316986183
137695,26.01501015984563
137696,24.873540844034128
137701,31.362618717400526
137702,15.083372478821165
137703,25.245193488604265
137704,25.305524731551174
137705,17.053767818216464
137706,19.633850717719028
137712,34.50216211835509
137711,6.745682560283056
137710,20.535486150990266
137709,20.33745413297142
137707,18.17604542575178
137708,8.656502483581193
137713,33.64641857029633
137714,4.212769754236007
137715,20.024010400867574
137716,21.55548938762202
137717,17.539248434634487
137718,6.4491898474735585
137724,38.18128297593243
137721,5.353418145083436
137723,20.263200642576148
137719,24.1956836448134
137720,17.06781931009973
137722,7.498836998986734
137725,35.46244875706884
137726,6.3282985617835585
137727,23.338735951948472
137728,28.30107901160174
137729,21.702845107779563
137730,7.723368812200187
137734,40.89481003066692
137736,15.391149249307098
137735,32.265836449612905
137733,34.98833766543045
137731,29.577067586023663
137732,12.957446018049936
137737,44.457428565515556
137738,16.469104107243837
137739,40.15809576086354
137740,38.3627247247114
137741,34.4011194405264
137742,18.306811215955868
137748,50.084673365768396
137747,24.16346346216031
137746,41.63830409781521
137745,38.49229632303913
137743,37.790148344617876
137744,27.14067113937144
137749,50.889823649587086
137750,27.359049507475376
137751,42.003585113331624
137752,37.59523138112776
137753,42.942434772805896
137754,29.28999683230502
137758,22.36490503207434
137757,23.26762267593245
137759,33.25911831926326
137755,26.90505254967438
137756,33.07721804296388
137760,22.30040347524887
137765,9.401057692265775
137764,1.0622394642032091
137766,18.373016756387848
137762,25.148511216685204
137761,21.702028854157696
137763,2.6203034456020795
137772,17.703096577347296
137771,10.24982216639063
137770,17.684622329329027
137768,28.01451169599185
137769,11.716448948853602
137767,9.00052448497385
137773,22.64691367452275
137774,7.7231726015604885
137775,16.56396993636911
137776,26.147170611221362
137777,9.505272699643166
137778,4.445718342002353
137784,29.8669039870774
137783,8.484722485992418
137782,15.964282822305677
137780,27.72423567986118
137779,22.556079469229374
137781,8.215464514230387
137785,42.572751294011546
137786,19.803094610568635
137787,24.09743901162343
137788,30.208217177188097
137789,25.376588755149484
137790,17.14200548505586
137795,45.420365240507614
137796,26.020819174498037
137794,25.410285485514244
137793,32.07955675732775
137792,35.01403982056408
137791,26.50505106151953
137797,58.49637405002706
137798,34.08937798590751
137799,33.82677717743805
137800,32.65281044339701
137801,31.222991965961832
137802,30.885099182072494
137808,61.88872732360433
137807,41.51435254697254
137806,39.918737473111996
137805,39.24705388089125
137804,43.34706689926182
137803,44.81989695673592
137809,59.4956317386276
137810,56.732927275126485
137811,51.52777277490041
137812,42.98372427258329
137813,50.85599620881626
137814,55.324207063630816
137819,99.20626299397544
137818,70.99481781292926
137820,61.437694540574654
137816,53.92284043346507
137815,69.10642064810817
137817,70.3700105368847
137821,94.9484379413245
137822,65.84783142184182
137823,59.388793239677554
137824,49.237566147828176
137825,58.996837860335305
137826,65.853818106369
137832,76.38095166559785
137831,48.79732982522286
137830,53.59948638550206
137829,46.99031366845354
137828,52.97413803050213
137827,51.377423477116395
137833,67.67367735054783
137834,37.94279642169448
137835,41.915418062747804
137836,31.96657780838426
137837,37.53265530060857
137838,41.636458496646156
137843,53.2094969479314
137842,27.99724414496655
137844,39.778620689361105
137840,31.2044672155003
137839,34.58756030809211
137841,33.798865057385974
137845,49.35820876629181
137846,22.305598178164935
137847,34.04917232340003
137848,30.4932345852379
137849,30.18297677978909
137850,28.415680745005467
137855,48.79155012025553
137854,20.766945245335872
137856,26.64132268246555
137852,24.401961817355932
137851,23.48551557679165
137853,19.359516460976824
137861,44.01643170865766
137860,17.243485257137728
137862,26.55915502546052
137858,24.9298756915561
137857,24.21214380824805
137859,18.110561912653978
137863,52.507432768282285
137864,15.254934204745659
137865,25.328105553250502
137866,22.536436869530483
137867,23.175202738352688
137868,16.720995156866525
137874,60.45287560691895
137873,18.262826347935505
137872,27.38695368557505
137871,28.349894018101104
137870,27.118644642772164
137869,19.11175822087109
137875,68.61671986350788
137876,20.261842722151915
137877,32.68935026169234
137878,35.99150317843746
137879,33.41916535644714
137880,21.642986204073022
137886,69.34799261764059
137885,27.954918199458074
137884,33.362505958301256
137883,33.632371297598404
137882,36.06927742711687
137881,27.693208863983983
137887,71.63790329655684
137888,34.041648227672354
137889,35.89035830497444
137890,35.74757370306207
137891,37.36957033367038
137892,34.59409140764731
137898,74.16971553859673
137897,34.43781267865461
137895,34.63076006233569
137894,34.818267072546476
137893,39.93125438733118
137896,35.835249981384045
137899,50.81100063763149
137900,27.33244222032465
137901,25.938889278972244
137902,27.036614568006346
137903,31.990932923038248
137904,32.26472530468108
137906,20.74506097079581
137905,5.693836468975123
137907,14.260764105327155
137908,21.67499377251047
137909,20.621629465215403
137910,9.54206404368386
137914,13.631692618091554
137913,1.419919816838183
137915,10.88252348461095
137911,23.902770855742734
137912,14.479646883911746
137916,3.2535072279173685
137922,9.115909890396383
137920,-0.6975533546647963
137921,11.095869381691523
137918,24.896278053472255
137917,13.374509967077419
137919,0.5060552903917639
137923,17.743450134119165
137924,9.167957464960889
137925,18.618540064898717
137926,25.810607955412486
137927,17.07771531650593
137928,9.98317407989326
137934,25.8871744562436
137933,15.953531948003082
137932,23.119038859530292
137931,27.40857804828501
137929,23.8034530692071
137930,17.735790445363254
137935,34.415350543483676
137936,24.473381246009396
137937,28.78556826997583
137938,28.285163580475107
137939,27.03585105899525
137940,23.125346029151
137946,41.875621679965306
137944,26.15576031364798
137945,31.669775292954235
137942,30.48910451854327
137941,32.18895078729672
137943,28.454076677107793
137947,49.88288043643322
137948,35.21781219662744
137949,38.21100175566756
137950,31.335233673622675
137951,36.12707896946775
137952,37.28458692205818
137958,61.023453408865294
137956,50.24273777545339
137957,46.86745716635296
137954,38.564062101797894
137953,53.19869853579013
137955,51.7726274003418
137959,96.89911707489273
137960,79.21929677139872
137961,65.92602039610534
137962,48.81067471793403
137963,70.73773327617519
137964,79.09629730674426
137969,114.75675534992168
137965,78.3781822801997
137966,66.88530173959236
137967,55.17901025949776
137968,66.4030692941295
137970,76.33880367542754
137975,99.87961743856765
137976,57.57471614542119
137974,50.03871797185505
137973,43.12524690339937
137972,61.10104737495299
137971,62.76539255035101
137977,57.7838860942398
137978,36.681271034944444
137979,41.08536472966654
137980,32.09814350948034
137981,51.91391168109263
137982,39.59177475954894
137988,43.89461179828247
137987,26.066747314861242
137986,34.105377789432964
137983,31.29820272855089
137984,30.603635175932233
137985,32.46902669164383
137993,35.141776353101164
137994,22.423287277073342
137992,30.18723288481103
137989,30.239472723620022
137990,26.750072177582226
137991,23.13588014271831
137995,45.35423484728193
137996,17.896691781111087
137997,20.76312005296127
137998,23.497827386441312
137999,21.596077188834325
138000,19.393611273588736
138005,40.50298979472814
138006,14.5683444597837
138004,18.775406110830367
138001,23.814227982071618
138002,19.546312138104653
138003,14.688168014910106
138007,33.876210633708034
138008,11.539489507542001
138009,19.818449132341144
138010,23.581582476955568
138011,19.808302303516005
138012,13.381134208990586
138018,29.901885978358816
138017,11.846494036115724
138016,23.89635047139894
138014,24.43050922653681
138013,20.543157368759637
138015,15.787894382962435
138019,31.21417178117293
138020,20.873495561132103
138021,26.081385674805993
138022,28.79624958458596
138023,23.470689249823245
138024,18.296341238188415
138029,40.90264876482092
138030,22.061061694076486
138028,29.700495480125767
138025,27.904843682037313
138026,25.40090940782225
138027,23.579412545551754
138031,46.91275895499713
138032,27.312851646738004
138033,35.74544499600363
138034,32.70739279661793
138035,28.909911263318556
138036,29.348148042446176
138042,46.024313499416714
138041,29.392730325506154
138040,40.10993982768687
138038,34.46379299576569
138037,30.44466048105776
138039,33.55841458007378
138043,5.3666379605969485
138044,18.407045411810046
138045,25.92103523245614
138046,28.38090731949376
138047,26.2174619445708
138048,17.584923572703644
138054,-21.462128709222682
138053,-20.3689450775184
138052,0.9477038240857896
138050,19.561095736983415
138049,-1.5483758849021259
138051,-17.0906257866682
138055,-8.781954109439754
138056,-16.282696505007326
138057,2.3067582409448253
138058,19.707942538753304
138059,-2.4712900641212023
138060,-15.650553108356394
138066,-2.923494409649205
138065,-11.810661461762095
138064,6.155302478042714
138063,22.344796706794078
138061,4.710167583501724
138062,-11.269581039271598
138067,15.768595306008999
138068,1.462149266772153
138069,14.579247782334228
138070,24.233937432463676
138071,13.159883407790604
138072,1.6083820028581357
138077,28.87037821356151
138078,17.07810589890006
138076,23.452963443758634
138075,27.236481934291998
138074,25.75863086417599
138073,16.988728350447442
138079,42.043698773349966
138080,28.144615039948004
138081,29.26524883098392
138082,29.834606852008747
138083,30.433409959539805
138084,28.64277988029049
138090,52.83454623790445
138089,33.00626813324443
138088,33.96240716734867
138086,33.56881241994654
138085,38.04204277784474
138087,34.17786094188424
138091,48.87961634881627
138092,45.41950562595599
138093,41.1385724361561
138094,34.04120796069665
138095,43.200024237650275
138096,45.191657497004506
138101,53.3068854577856
138102,61.748846091243294
138100,50.93228442416926
138099,37.297888559887284
138098,56.89716626802036
138097,61.54499576346383
138103,110.27849087137164
138104,85.01700976844648
138105,69.18130805545161
138106,48.21251802095899
138107,73.1584420235412
138108,83.65779181414482
138114,109.51764957652875
138113,77.37783615830939
138112,68.22654952152439
138111,54.47778264268168
138110,70.58177882386599
138109,80.49070375624747
138115,92.53795999874039
138116,56.67294336805588
138117,56.49817628930623
138118,46.9644963640858
138119,56.8662402188084
138120,56.49521946332331
138125,52.036819871851165
138124,40.410164879811525
138126,39.28902687186056
138122,30.142143954092816
138121,46.42167351963317
138123,42.76016569904244
138127,35.31014734754031
138128,30.46236287266101
138129,33.09418087930176
138130,27.79466948542046
138131,26.148411866001112
138132,32.04810029264864
138138,27.337716441667638
138137,20.788675977411344
138136,28.398263643667725
138135,25.361875734138295
138134,22.85293899945144
138133,24.745003034942723
138139,33.91671419856839
138140,13.38604249274675
138141,17.404946883308867
138142,14.127709084936038
138143,9.324307193093823
138144,13.723166971307979
138149,19.708551354193126
138148,10.666278302290348
138150,15.869622117074005
138146,17.664852178854183
138145,13.157477980349986
138147,12.4582012401313
138151,21.185612651018154
138152,12.091930644995413
138153,16.52553132658575
138154,19.806996810853732
138155,12.807780844106727
138156,11.82860846672764
138161,19.76027835025382
138160,13.467480776770751
138162,17.521949706136446
138158,22.639766833383604
138157,13.566055778627593
138159,11.901816375893821
138167,26.277682888399955
138166,18.610723532994296
138168,19.77040238655696
138164,25.515570845661202
138163,20.7997832501139
138165,15.569915163959216
138169,30.250244205779932
138170,19.632922606873173
138171,19.373739932158838
138172,27.532951207505768
138173,27.83864832051347
138174,20.400779532937058
138179,40.385600521108486
138180,27.824021548487096
138178,29.45501925774352
138176,32.40415217345988
138177,30.914866797355145
138175,24.272574244334052
138181,43.445114497286426
138182,28.453546638674766
138183,27.937520347594635
138184,36.00267468548013
138185,35.94672876329915
138186,27.828373916098407
138187,10.19003897308245
138188,12.911023987573467
138189,21.97605712465586
138190,29.273856882651266
138191,26.820295874013123
138192,14.11433344568854
138198,-16.1255036871567
138197,-15.365531353234783
138196,6.785421176832907
138193,20.464351940663192
138194,2.5267112974765427
138195,-12.769762421582431
138199,-2.050891909256025
138200,-14.381228337435651
138201,5.332519040822662
138202,20.270658819900547
138203,1.5649068541299638
138204,-14.405142219247782
138209,3.0579705136923714
138210,-6.610581645462725
138208,10.72842571581772
138205,25.26896775510623
138206,8.270118090852055
138207,-7.318919162730468
138211,22.461449338975477
138212,7.535043451295747
138213,19.795570768515827
138214,25.28439866425645
138215,16.50970677221747
138216,8.465664360213704
138222,34.22143124378615
138221,21.37916591014185
138220,26.308231368754715
138218,28.772406131846445
138217,29.44595153068085
138219,23.19737976628181
138223,38.14040632830671
138224,32.96926708928995
138225,31.741078586635524
138226,27.750189459099815
138227,31.650717314045444
138228,32.71206158131438
138233,37.3448198775622
138234,38.77315089572966
138232,34.339075502193
138229,30.68522842970905
138230,37.78232373259151
138231,37.29300316481797
138235,40.84298181623693
138236,45.85552681447134
138237,39.85465875546852
138238,28.134325946845053
138239,43.13564286723498
138240,45.51670700688145
138246,48.84022026571599
138245,55.43839846061316
138244,45.14104741635924
138242,33.04636730884822
138241,55.772896674268466
138243,56.23593086192693
138247,75.11950148606299
138248,75.10904415295792
138249,61.57647944513451
138250,45.60833631285647
138251,70.16881003901236
138252,75.79695027765774
138258,84.83918986141838
138257,70.94623918189802
138256,52.33970952093957
138254,40.31822607421364
138253,67.03344165460746
138255,67.88872347610176
138259,67.78163679217289
138260,52.731687414302
138261,44.95724666352428
138262,30.375681622555774
138263,41.42393903468967
138264,53.19082976014591
138270,49.90941531615038
138269,38.441926619430504
138268,37.616217452584294
138267,29.91262678970031
138265,35.831367370096245
138266,40.32787162225871
138271,44.36239738493893
138272,30.589926663930594
138273,33.51222687080623
138274,26.00597024434419
138275,28.151288601634178
138276,31.92338584571631
138281,29.04429034958022
138282,23.151356412057893
138280,29.258024881299388
138279,26.97932499033299
138278,22.758495525283436
138277,26.511673245441635
138283,38.68525787848159
138284,15.347017268541878
138285,17.686668305268604
138286,19.22766962010307
138287,13.4921131796888
138288,14.818229060617183
138294,24.17783699788718
138293,9.890112478720615
138292,16.811005940668192
138289,20.136735295080616
138290,12.966191900265473
138291,11.887954201615447
138299,31.355317695811358
138300,9.245493115641029
138298,19.499813505600446
138295,22.56396836492651
138296,18.550858871117317
138297,12.392459503144083
138301,40.87579019489233
138302,11.710833779574145
138303,20.23198020082155
138304,26.8139830012896
138305,23.63197786975639
138306,12.591002220589015
138311,47.473987074381846
138312,14.844966080543127
138310,24.942276628279693
138307,30.807356471594016
138308,25.91275345965937
138309,16.09275041588493
138313,53.54669594325981
138314,21.54631385996602
138315,27.855915744380397
138316,36.837414478132075
138317,32.66438577305444
138318,19.893269501311934
138324,60.614690967075
138323,29.6756615301018
138322,33.88574838997519
138320,35.9020392215355
138319,36.95765019024575
138321,27.39768589230556
138325,67.15285713707509
138326,31.231350029458834
138327,40.15490929177185
138328,38.12775452770829
138329,41.5710109804207
138330,31.25517054896231
138335,32.91369259863268
138336,17.336011073042883
138334,29.688305375529055
138331,28.825192970871914
138332,33.54878018081493
138333,22.02353649949746
138337,6.2725158095333775
138338,-17.475604497708076
138339,8.085564836485975
138340,20.0273945846609
138341,9.91526361575629
138342,-12.75337242174994
138348,12.998150281852505
138347,-10.356303945055574
138346,7.575759641596836
138344,21.047230696226407
138343,4.391458572006906
138345,-9.865845204753288
138349,22.34634317185438
138350,-6.166434172969991
138351,10.48015792704882
138352,19.895364296948102
138353,4.055312607664764
138354,-6.080789635665839
138360,34.050881999412965
138359,4.3795072856937916
138358,14.655898150935858
138356,23.010453422560527
138355,14.0880410971515
138357,6.108643624034393
138361,32.819035039394024
138362,22.300098407615508
138363,22.994419619528934
138364,25.60368569924248
138365,24.330179015132874
138366,22.666911021682743
138372,41.23312669268332
138371,30.954309210948047
138370,27.990578091445634
138369,29.67058459042538
138367,37.55073607369799
138368,32.360328666786955
138373,35.784517491689996
138374,38.55300126867351
138375,33.11352860434623
138376,30.17716824498922
138377,39.99187534496181
138378,39.143327917191804
138382,43.500433055060654
138383,43.84810021890718
138384,32.241697144734005
138381,29.625746873723095
138379,44.850171031290955
138380,44.28543186863091
138385,44.05214886549699
138386,52.874397125701016
138387,39.80399678357631
138388,32.65521002925159
138389,50.605886220861194
138390,51.30214568114599
138396,69.13007831322338
138395,63.27700580287886
138394,47.904196653921346
138392,30.807284292288795
138391,56.08414218459967
138393,64.43819224470249
138397,91.30426224399244
138398,61.07610484444157
138399,43.143710929467574
138400,41.9066822454846
138401,58.71480491393266
138402,61.071175171297924
138408,61.5865527008888
138407,42.656731824170635
138406,37.86727196594751
138404,29.00288368406109
138403,39.313391445359485
138405,43.41584093618371
138409,52.41543891444901
138410,33.18914166532789
138411,38.43431372814022
138412,34.68538820308882
138413,40.22144481647215
138414,32.98044937743153
138417,40.89466242878197
138420,22.83084646364548
138419,32.32507563782349
138416,27.019108868781935
138415,37.243708083015875
138418,27.98269056584681
138425,33.44416943375636
138421,19.217995009985074
138422,24.65482122115352
138423,28.14096606217251
138424,31.00677224467249
138426,18.128501940809613
138431,20.878517233906457
138430,8.812636496522442
138432,13.833109591682458
138428,17.489344167365132
138427,17.06117682617557
138429,10.264927250907046
138438,17.46402425760148
138437,4.3189506455404825
138436,17.966647200386266
138433,20.966343181238102
138434,11.876162378349715
138435,8.42936045372011
138439,16.81794150753391
138440,2.0250977864036974
138441,17.96118720871084
138442,23.840211166006064
138443,17.057992671579164
138444,3.1652712526572993
138445,20.846956245828512
138446,0.6929597007580321
138447,18.564578670209485
138448,25.67733161232002
138449,20.2442519716002
138450,1.947019675008944
138455,27.50478933287303
138454,6.999591739236493
138456,16.104635792381487
138452,24.07738848169632
138451,19.73664772820851
138453,6.861254960595131
138462,27.096821030010098
138461,8.705625077747602
138460,22.06296496069357
138459,27.542199648648733
138458,24.098113191436596
138457,6.113641253602344
138467,36.82725797240218
138466,12.591030526308689
138468,17.929508874005563
138464,26.770728695676752
138463,28.072971546303926
138465,10.573359687756227
138473,38.12020312830408
138472,16.369809210387672
138474,18.812502758257633
138470,28.185895132852632
138469,28.1029348463578
138471,12.946989832777515
138475,-5.891538921839766
138476,6.672640123631237
138477,13.397060466400788
138478,17.713549016846706
138479,21.7002072590034
138480,3.0306257893823227
138485,-30.291005357385288
138486,-27.893788756913107
138484,-4.0325331047803
138482,10.47400084665665
138481,-8.076459067519117
138483,-25.16270749685973
138487,-29.3192288450905
138488,-32.51579621517328
138489,-7.40506462162654
138490,10.271346259284854
138491,-13.952662200841893
138492,-32.43205573727544
138498,-29.335762449929916
138497,-30.233828939663212
138496,-7.1389504142014255
138495,10.746152027700198
138494,-14.462681910703111
138493,-31.37536524560289
138499,-26.143181170122823
138500,-20.373387882908936
138501,-1.6326273226902241
138502,13.057479404490927
138503,-6.030178068322095
138504,-20.371704728474377
138510,-17.52075939790151
138509,-9.816085325661787
138508,3.6295958591226576
138507,14.190908680186045
138506,3.6780894650205305
138505,-13.049351128691704
138511,-12.112820260011002
138512,-5.426186612492855
138513,8.05763976381414
138514,13.502457750774916
138515,8.991179791865479
138516,-3.7739083055300373
138522,-6.9211254737350405
138521,0.40108951099075263
138520,10.330460330627108
138519,16.418743813413194
138518,13.269939732182012
138517,-1.3685427444141958
138523,-4.322344227699813
138524,6.108344067368083
138525,13.58234355653151
138526,19.437091583040292
138527,17.476267433228095
138528,6.038241664680927
138533,5.11458724093548
138532,20.631422467065498
138534,19.302390315243464
138530,18.020768447293023
138529,27.069444075427576
138531,22.233740851421434
138535,38.938501379419826
138536,45.63448020670188
138537,39.3017822017362
138538,23.38538456040383
138539,37.12876261456012
138540,42.79998918704457
138546,55.1875299739736
138545,43.235334697652476
138544,38.19917553128763
138543,28.71585719391862
138542,37.74979528235647
138541,43.96317254529816
138547,36.858878596807635
138548,29.29218279100876
138549,32.89757337928971
138550,24.772741821451266
138551,22.606526747005816
138552,32.23098047165793
138557,24.789421988219228
138556,23.558718754171295
138558,25.712107548809705
138554,21.50116376350486
138553,17.693108604179578
138555,23.9582456829595
138559,17.916145833840986
138560,13.524791617116955
138561,24.151377414049136
138562,22.709912606570306
138563,18.288637710882455
138564,13.587047171918732
138569,16.484943568097403
138568,13.310485611243594
138570,16.636173589008493
138566,21.467280991698104
138565,17.10640162045298
138567,12.550341069699037
138575,11.912104041581479
138574,5.492176098191248
138576,8.005856372444846
138572,7.719092942995055
138571,3.7367779237232552
138573,6.376202779256877
138577,7.879771008216127
138578,-0.4654252856454928
138579,9.99922245679274
138580,15.877063481824301
138581,5.850394257753172
138582,-0.5744213823945499
138586,12.49596315831625
138587,2.0696023369053824
138588,5.721871105670201
138585,13.571639108984758
138583,4.192644933771881
138584,-1.1357162534014718
138589,7.051642712556896
138590,-2.2348111364928815
138591,9.42633704175562
138592,15.469391328016172
138593,13.201875469071528
138594,-2.433157567065896
138600,8.275970146684834
138599,2.1752773281075886
138598,12.111667563339786
138597,17.337758785352264
138596,11.885842619808496
138595,-2.3300236314541403
138601,7.672773551420465
138602,-1.0718786766468034
138603,10.642980962700769
138604,21.38253032906506
138605,17.68150457038138
138606,0.0507869022664984
138611,14.846890366016646
138610,4.817775177325942
138612,8.939457203499298
138608,17.381079244707298
138607,13.876465344079294
138609,2.924112832471705
138613,10.630606407395707
138614,0.41577716247405583
138615,13.435082397280212
138616,27.302970917539618
138617,23.25535874276469
138618,2.0811979659246607
138623,-15.98890584161462
138622,-2.7853621567025044
138624,0.9436616619473934
138620,15.601726467708724
138619,12.143055630635534
138621,-5.048390875799613
138629,-39.54828292304849
138628,-31.961400983079013
138630,-12.627869294116376
138626,6.739516468675852
138625,-10.89643012569886
138627,-33.349424696719005
138631,-45.14531948201867
138632,-46.20205742064515
138633,-10.616061080518083
138634,10.19851263453089
138635,-12.350438824123183
138636,-46.49413226046422
138642,-38.118516328506615
138641,-36.4102539967197
138640,-5.607307793616423
138638,7.5929531596342095
138637,-12.041493267264373
138639,-36.369122456936886
138643,-24.73405876767223
138644,-31.23458390518655
138645,2.0833792678798613
138646,17.72073104419258
138647,2.233566279012516
138648,-33.16423528591709
138651,-7.424245965446854
138654,-16.117308795805666
138653,9.97927817833935
138650,16.1656174555238
138649,9.658475319384111
138652,-12.60539888274978
138659,5.176340497262398
138655,-2.1353672740124363
138656,11.95418035903477
138657,24.403429353761066
138658,18.058278918815983
138660,-5.698182575914999
138666,12.067768772183506
138664,6.341356847265031
138665,20.1580392945545
138662,22.080859122738094
138661,23.484869147331686
138663,7.459166482650893
138667,19.539287063064883
138668,12.120286215681311
138669,25.749270910473633
138670,25.074431029310233
138671,30.509137451291046
138672,11.502439201197566
138678,25.153115624162197
138676,32.659159280693835
138677,37.10704235354892
138674,28.572783318849766
138673,46.89037160996592
138675,31.661854232354596
138679,63.97312283414366
138680,54.098838315398105
138681,54.49599745124357
138682,39.92756964627925
138683,66.8310383266055
138684,52.59147862749725
138689,75.25548889775527
138685,56.740837751901466
138686,50.772837376677614
138687,44.31010414769691
138688,60.15858497636915
138690,52.03174954846848
138695,50.21593568061137
138696,43.51738637330198
138694,37.88049809094757
138691,27.310776963750445
138692,37.19913169508814
138693,43.68272863189649
138697,38.56835580286671
138698,34.11707361612074
138699,33.41568767445053
138700,22.966268099637837
138701,27.925488806082836
138702,34.19304220828302
138708,28.939677445639397
138707,25.826647952904594
138706,27.718539452615175
138703,21.132999737466186
138704,18.823765525865415
138705,27.918404309958632
138713,23.102039074250403
138714,17.952201709240747
138712,24.696840925609216
138709,21.67452360228171
138710,13.507845735959634
138711,20.479942067687603
138715,17.120146817929154
138716,7.900237264498568
138717,15.393720165262309
138718,12.40603371579691
138719,12.19399618270564
138720,8.736497121414768
138725,15.802568580925186
138726,5.465942439385157
138724,15.058953712031894
138721,14.184020907975677
138722,8.940456477348505
138723,9.898710583355026
138727,14.764081003037006
138728,5.0793379389615065
138729,15.890050388304193
138730,19.9009678730158
138731,10.558249499222722
138732,6.371493782365609
138738,13.141664150225193
138737,5.08792048096616
138736,16.504562746149595
138734,17.743651294568252
138733,12.000109914267709
138735,10.383523786237085
138739,18.151109920845148
138740,9.594331842323312
138741,20.91374407664476
138742,21.277030126682995
138743,16.513495690900058
138744,10.212909707211114
138749,24.61457982330416
138750,17.961420426576733
138748,28.64641458084602
138745,21.65119904600488
138746,20.92220595867267
138747,20.03861046813905
138751,30.015704887878123
138752,24.982406037274302
138753,38.73341042944882
138754,26.71199262669473
138755,23.25387338946971
138756,24.99097167441225
138762,33.28439205570797
138761,28.493176281132165
138760,38.030418721583736
138758,29.87430625742575
138757,25.7448658954306
138759,31.333719146455337
138763,1.9625310978850026
138764,23.829509098923346
138765,34.38660772621382
138766,23.89641330857483
138767,23.234865768329133
138768,23.141908276650998
138774,-13.559612666234916
138773,-3.183568406520708
138772,14.49399884502464
138770,19.222427393774417
138769,10.423033203677408
138771,2.907460037728912
138775,-8.934881284853018
138776,-2.7825326505309267
138777,14.29919874067925
138778,16.41820498405834
138779,6.790263483270177
138780,-2.789605440155647
138786,-6.208788091288376
138785,-4.014376389411537
138784,11.664171361273674
138783,19.95825638084049
138781,10.501116211757504
138782,-1.937062071779451
138787,2.686371348192158
138788,6.313820921192217
138789,18.141932791765548
138790,21.834034214842937
138791,16.48597267792706
138792,6.163380247694413
138797,14.411819232206113
138798,21.811304251762856
138796,25.002459018100588
138793,29.139980243855536
138794,29.973369904992758
138795,21.20553474258041
138799,35.32765902491835
138800,31.70581915931077
138801,32.362950122192345
138802,31.34262517908599
138803,34.0994517489697
138804,32.37749245379177
138810,38.58728285415626
138809,38.77526202994521
138808,37.87025781990762
138806,33.87649782556453
138805,45.64482387812943
138807,39.04585380963046
138811,43.400768848833735
138812,48.679426455360584
138813,43.39283238208198
138814,35.505833241105236
138815,53.29755081354003
138816,49.82356066624878
138822,46.300439370196514
138821,58.33453265560661
138820,47.134191517986565
138818,32.4991345139084
138817,61.54854713479283
138819,56.15801780621898
138823,76.41898605036249
138824,77.11047110173028
138825,55.31067649548132
138826,46.440634834358676
138827,73.5844220191864
138828,66.46740103604424
138831,79.11532957635194
138834,67.56232750273654
138833,52.04120287144967
138830,52.922382683643704
138829,64.63915194452055
138832,62.42759737633976
138839,59.366515945832944
138835,52.893748816662175
138836,49.57096052542591
138837,34.784660470260924
138838,36.7851266872102
138840,53.258742565228026
138845,42.93003124695923
138844,37.35746022766177
138846,44.321999107612484
138842,29.034002907529043
138841,32.96205117532105
138843,42.13672128891268
138852,39.778050159601506
138851,25.85889837545984
138850,36.47282037754157
138847,31.370917931684104
138848,27.830436668685408
138849,31.099181696348367
138853,31.234048739554275
138854,20.586077258614992
138855,32.85170701799776
138856,29.65953180001192
138857,26.775508468878
138858,19.675111645689647
138859,32.12241366346897
138860,15.403286710728791
138861,24.817838513336824
138862,21.957543553906632
138863,18.238167586167066
138864,20.45710841145575
138869,28.805841230102693
138868,8.989665943936357
138870,20.820206220027778
138866,22.67102289179984
138865,18.452050668024658
138867,15.236563519948632
138876,27.0158870725051
138875,8.660836882409363
138874,21.909542296668516
138873,22.886117416909183
138872,17.643043936951464
138871,14.090528221695141
138881,31.921279968164406
138880,7.818914258273301
138882,23.238182815119256
138878,22.21160079071426
138877,20.57294041470353
138879,13.141480237760522
138887,37.527334217653404
138886,14.868883594518586
138888,25.354963621744304
138884,22.035967552367794
138883,23.45246730414066
138885,12.682505096225572
138889,43.89054007336706
138890,24.47430447819929
138891,27.89268744136018
138892,24.78994531528555
138893,24.70744895351787
138894,21.14646788533121
138899,46.556538701007696
138900,26.308306832791793
138898,30.54608209323264
138896,28.824727332923604
138895,28.137949023471876
138897,28.568132953305337
138901,47.902916814228604
138902,27.54979954889503
138903,36.14273665065818
138904,30.49669754682912
138905,28.040912616257817
138906,28.79053964763846
138912,23.03685486456203
138911,21.068654292029052
138910,28.339668439520928
138909,27.57963952745697
138908,26.95731167402104
138907,21.96906349408274
138913,6.847404656191957
138914,1.0273071055207668
138915,19.918889344708134
138916,22.392464772153552
138917,11.444004119867056
138918,2.8811168607584445
138924,10.487319560840213
138923,-2.576219668851067
138922,16.961458257435616
138921,24.56606225282928
138920,4.719198128926749
138919,0.05529715100604271
138925,17.116208578467912
138926,-0.2891916162598527
138927,19.410591880933772
138928,15.229142536530237
138929,7.339544736679006
138930,2.3268964314444682
138936,16.972078046785356
138935,7.1740196967418335
138934,23.982374040300375
138933,27.981035486674877
138932,13.600389265000329
138931,6.9262882370731305
138937,25.917057283899986
138938,17.404152844378505
138939,30.857577708249195
138940,29.28680491618793
138941,21.71573460389716
138942,20.443779140037204
138947,36.05157740382998
138946,27.642726984424797
138948,34.27929207327422
138944,33.276341873282405
138943,30.7051270102435
138945,28.59070356932056
138949,39.2624598247216
138950,37.70025112169263
138951,26.80068985502036
138952,34.573700352534246
138953,41.38508045286066
138954,37.617710541412585
138960,34.54173629993265
138959,43.83508457620134
138958,34.29896676700412
138957,36.436925809012585
138956,58.4836827064735
138955,42.99352223981052
138961,48.610783477888944
138962,58.49626454752591
138963,56.02772884963963
138964,42.28700395348865
138965,68.00863723839905
138966,57.26910769967449
138971,74.63086698194039
138970,66.0757122566105
138972,62.98678880439107
138968,42.543981834447216
138967,71.74230614060386
138969,67.28972724344074
138973,84.83890573749318
138974,62.691515621212275
138975,57.615962367816316
138976,21.60731068628549
138977,44.75510317349429
138978,61.944899976656416
138983,75.77535670576646
138982,45.58627706883252
138984,52.60535258079373
138980,35.85595732452377
138979,48.684588571059315
138981,48.28809507976422
138989,56.15921653303529
138988,33.75516346702987
138990,43.36141303923059
138986,33.9013782484775
138985,42.769317721056744
138987,36.70321395810362
138991,46.412438148707615
138992,25.42375648648427
138993,37.2604085991223
138994,30.46676862552747
138995,36.778680185897294
138996,27.20236974205632
139001,35.847162192120706
139002,23.323698996715812
139000,37.694033837142
138997,32.596048305858645
138998,32.498090785083626
138999,27.504893051972132
139003,46.100435631481055
139004,25.153300474923647
139005,33.61775212529942
139006,31.026968656034327
139007,31.378660794693644
139008,22.591375123038013
139009,44.9724396360171
139010,22.62759879594117
139011,28.30619685255588
139012,32.887370292817195
139013,39.866177392582365
139014,19.611027361846748
139020,44.201257823093044
139019,21.58395877593531
139018,33.50771965818648
139016,33.262445172594745
139015,35.60357083224703
139017,22.830364268132204
139021,45.890153132660565
139022,20.45569755708732
139023,39.09533605859812
139024,36.259212990246894
139025,35.20642506561768
139026,21.257922630854488
139031,45.21327714494322
139032,22.4684292390412
139030,37.23540521844984
139028,30.910152822539636
139027,33.534191426292566
139029,25.513085939529418
139033,38.541143809589656
139034,23.37980375409738
139035,35.64518246816439
139036,28.56794517515607
139037,38.20303371677443
139038,23.671388682471033
139042,41.32368891774816
139044,28.086173481661945
139043,36.167977604757496
139040,34.451297755507824
139039,39.23025262082044
139041,29.81548080325094
139049,40.032989465724086
139045,27.791213526944837
139046,32.62280829114337
139047,34.77836413625781
139048,36.53565409592484
139050,30.51614235486823
139055,14.736853726796989
139056,23.431612361610807
139054,24.211274755106825
139051,24.874446524581565
139052,31.40126687362988
139053,22.3056444115074
139057,-1.2543813451800876
139058,10.330475243961834
139059,16.39539855281839
139060,19.463322830453187
139061,19.52135977678033
139062,9.842998063604062
139068,3.7890228197138267
139065,1.464279214861489
139067,13.647715474926244
139063,15.400635123010417
139064,14.074238484238005
139066,1.1220365297791304
139069,9.01083967402355
139070,3.4416976556871237
139071,13.115876003437776
139072,24.854131336291466
139073,7.004302843627961
139074,0.0814580026204208
139078,18.443481732705855
139080,9.967185157697685
139079,18.055274300076697
139077,20.39050837596386
139075,7.480071961591825
139076,7.791993585325162
139081,24.77059350628061
139082,18.139508730154475
139083,22.24074628848848
139084,21.7225998010551
139085,18.81484692449699
139086,17.619257793299983
139092,35.547355493671894
139091,28.862365377731983
139090,26.173977106778025
139089,28.782739034464598
139087,28.083243116349706
139088,27.79621289327813
139093,40.543019420603855
139094,39.73859551753547
139095,31.72376903596746
139096,32.10996500283813
139097,34.213886833923645
139098,39.569185056492124
139104,45.07952656278778
139103,47.383138579438366
139102,36.646346130345684
139101,20.891961689185955
139100,44.578679637178936
139099,51.674323223991784
139105,51.49288980650027
139106,63.997039472458155
139107,50.66708883197203
139108,23.757383083582045
139109,39.10672964662457
139110,65.55174524282585
139116,79.86286945191068
139115,70.12128011885238
139114,58.19441687100688
139113,44.42322071185006
139112,54.4372874972007
139111,76.4401228859607
139117,84.730761111233
139118,71.91065047684312
139119,63.85561002745688
139120,40.93922267824229
139121,54.97941628443786
139122,71.0768967956129
139128,69.6814121052092
139127,59.10994603782191
139126,50.01906454913279
139125,43.2812671228925
139124,54.618057734759795
139123,55.32703378804043
139129,54.7821644159024
139130,50.50934923027839
139131,45.894290601656266
139132,43.878856868459856
139133,49.094431348077634
139134,51.338908005237116
139140,44.719790114315295
139139,42.57534255192216
139138,39.49948493216334
139137,38.68166104083804
139136,44.9700891725026
139135,37.72184060681793
139141,37.43344365732766
139142,27.071935038748915
139143,35.207377954127274
139144,35.2582982854318
139145,42.887160142909835
139146,32.9945433344859
139151,38.92993404521904
139150,32.81762980269917
139152,29.41241842920948
139148,34.22687729006926
139147,38.91566406354083
139149,30.139264181424547
139153,38.371771435997864
139154,19.58177942171111
139155,30.6186856701118
139156,29.254378087432787
139157,33.684234937080404
139158,21.45158090686244
139164,39.23164402866803
139163,20.818504137782206
139162,32.80294999447822
139161,31.690283222893477
139160,31.73401280948685
139159,17.35500488276957
139165,40.61409986814865
139166,15.010671185642689
139167,37.558365390426104
139168,28.977444698622133
139169,34.02039712622917
139170,17.45923895766486
139175,47.50109091594625
139174,14.90920367896868
139176,30.971357923836223
139172,24.968390071743514
139171,31.392024270248825
139173,20.69433466463171
139177,46.90991924664949
139178,18.268914428306534
139179,32.97424420133119
139180,26.63908586969258
139181,32.4344459279166
139182,20.560864711416812
139187,54.59473102036628
139186,26.65355529608001
139188,30.260866373344804
139184,29.01652538660974
139183,33.37700815030659
139185,26.33876427593271
139193,52.790091334873495
139192,29.2089798439675
139194,30.467926590461808
139190,29.648336986324814
139189,33.18296844582631
139191,27.61335675681437
139195,17.580560427480506
139196,21.78235001184938
139197,18.58775963493258
139198,20.292934409989027
139199,26.573306107420734
139200,20.056800439386926
139205,-10.872416381229884
139206,-2.3999894412161087
139204,6.811335212419914
139202,16.05110627355957
139203,9.005744751977211
139201,-6.601179496290446
139207,-5.475318133873419
139208,-4.520446357386774
139209,2.7455759024452586
139210,12.786101557504507
139211,4.721923650194283
139212,-5.3241177247066
139216,-6.547372432739843
139213,-5.444926896660839
139214,5.222267297793518
139215,12.996677877425126
139217,3.776894400196527
139218,-6.007912490204616
139224,3.784206208404412
139223,1.0814986933337618
139222,8.583134821611779
139219,17.15160594097741
139220,10.235464724876783
139221,0.7993025338280546
139230,11.877268232187387
139229,10.73290426390859
139228,12.595082449670684
139226,18.23317413436078
139225,15.629344137662104
139227,10.15584364974749
139236,16.77145284951753
139235,16.31320672091114
139234,17.187008675777506
139231,20.084285489430293
139232,19.908148055845174
139233,15.800757315724045
139237,19.587148453931846
139238,23.465555303371914
139239,19.39666993297412
139240,19.65530962592871
139241,22.57919833867787
139242,23.421848834890973
139243,22.52933010407833
139244,29.446669618880975
139245,24.204961344056517
139246,14.554923712033231
139247,29.131997852074075
139248,29.259530191864666
139253,30.717888436689265
139252,45.80045759750067
139254,37.51963986705405
139250,25.842679724717687
139249,46.48125577313197
139251,47.86846188614116
139260,69.11225358786425
139259,71.44252071404871
139258,51.90990183702657
139255,43.098640097899604
139256,66.66059089417512
139257,69.54609705185128
139261,74.96368180352711
139262,65.79891603316833
139263,52.17724463692864
139264,40.589785326901506
139265,54.29956810982062
139266,65.47440519607363
139272,65.18764127839268
139271,46.920309039941216
139270,44.2869734475532
139268,36.86293926916693
139267,44.04129752417216
139269,50.73147041957462
139273,49.110561275496515
139274,35.03849415157018
139275,38.02268460246311
139276,32.180930369659116
139277,35.80240668180443
139278,40.89209927062555
139284,43.624459598389954
139283,26.06818957391877
139282,34.89245429343617
139280,31.092665920882276
139279,32.07181201259572
139281,30.009539005808243
139285,34.17052369617127
139286,15.486177066110368
139287,30.975027306619857
139288,29.43141413393723
139289,28.009178541989833
139290,18.270039302426554
139296,40.399733323620644
139295,18.83231318090774
139294,25.685277281753947
139293,30.237192705509663
139291,32.34194932396313
139292,15.919969209660216
139297,28.094222363116025
139298,5.7837109889576155
139299,21.450456037883193
139300,27.89015331615329
139301,30.25260683463884
139302,8.380573903828472
139306,33.79125291108381
139307,9.42995610306561
139308,19.55070311577114
139305,25.352608655051775
139303,27.742288948894963
139304,7.59061064574518
139309,29.23170590984725
139310,9.21745561834073
139311,29.172706065695067
139312,24.73086400633187
139313,30.655916595533057
139314,8.562678649229525
139320,26.80473386664287
139319,12.869707496724734
139318,28.519609291000464
139315,22.473513371777592
139316,27.3866791960519
139317,13.670750137699006
139325,34.70351109032761
139326,12.706345993653123
139324,27.366000135190173
139321,23.698124590347152
139322,28.039518885423657
139323,15.985932354853485
139327,35.27887636002698
139328,18.08073622582849
139329,26.90965921630098
139330,25.894356766877912
139331,29.111476376771957
139332,18.596514143949605
139337,42.001877795027326
139338,21.335419547121692
139336,26.847634566206217
139333,25.65332411840899
139334,29.39473372627028
139335,20.159295744206773
139339,9.894299685696433
139340,14.183101863993413
139341,15.317798206727348
139342,17.963077751719148
139343,18.728312877284935
139344,10.338241360025403
139350,-13.37260934330832
139349,-18.36662388695529
139348,2.4806586587900403
139346,13.356327157956978
139345,-3.5692093845160215
139347,-13.957095733672816
139351,-10.617981977344954
139352,-14.867593509243108
139353,0.4247475023472278
139354,12.514801630009092
139355,-6.754504984850524
139356,-16.188472135629464
139361,-6.372176979689495
139362,-16.12962861306211
139360,2.6412935433520577
139357,13.122180337063162
139358,-6.3496921923478435
139359,-16.077118423242197
139363,2.437424711042528
139364,-5.113356453919618
139365,7.005703806506165
139366,14.871734016034681
139367,4.417700440673748
139368,-5.305759961205098
139374,7.152361517580191
139373,6.031985669161864
139372,13.62292572985895
139370,20.265653597477698
139369,12.699619048631526
139371,5.238127594701698
139375,14.890394518791926
139376,13.163709363193187
139377,17.91780951103393
139378,17.92914523979089
139379,15.57051971610944
139380,12.847550807069979
139386,21.92303647020273
139385,16.28268126774575
139384,22.150111936912346
139382,22.759306727752673
139381,23.23562976668325
139383,17.040672801584222
139387,24.961487301777247
139388,23.532784901369503
139389,26.12783722424126
139390,22.315919067005332
139391,25.642778030093005
139392,24.3566566795078
139398,31.068279590254374
139397,39.47783428621216
139396,37.95388842512726
139395,30.275857639623037
139393,33.05058352982017
139394,43.611258026472214
139399,74.35713887371976
139400,69.11548441800119
139401,57.62782905185959
139402,39.00934802262887
139403,49.9167391111003
139404,66.07854538587208
139409,83.74648638766396
139410,60.39508151635768
139408,52.87886595620117
139405,43.03608382691026
139406,60.1149065110356
139407,57.47801464771619
139411,62.25668994086947
139412,42.72631255215205
139413,46.34704365070487
139414,37.2901530354809
139415,47.7011960608204
139416,43.331371121707534
139417,62.824013748472915
139418,33.062976277712444
139419,36.276759919394124
139420,32.9427433918274
139421,39.720378454139116
139422,35.91406131537017
139428,45.14946581891999
139427,24.890781039930655
139426,32.79035944595637
139424,29.485624972938957
139423,34.28198715884272
139425,28.07773122926414
139429,44.78566931901387
139430,18.356290276758745
139431,31.17572533850075
139432,28.160983835076905
139433,24.420941400094783
139434,20.54594691625618
139439,44.82827964738195
139440,8.132648142666602
139438,27.469795254172247
139436,31.073382070529515
139435,31.133844129016257
139437,15.05063624166896
139441,25.96632046655104
139442,1.870237024691317
139443,20.514524784708918
139444,35.330143295560596
139445,28.054500192118468
139446,5.434515173126293
139450,31.134671711660655
139452,0.8286898731824301
139451,22.621557772238333
139448,27.59967809344725
139447,24.531991319954606
139449,7.5220175006056085
139457,33.20657333227143
139453,1.483568755805047
139454,19.64129736933936
139455,29.919588312442464
139456,24.63984082633899
139458,4.497645471625697
139463,34.50395132576433
139464,5.179169784938674
139462,28.40713612531053
139459,29.937174305335663
139460,22.1496347317741
139461,8.347650787088412
139465,31.615327094683387
139466,6.028069216620535
139467,27.393315091353195
139468,33.473134476769836
139469,28.065437200243828
139470,7.1690978261898906
139476,34.390773779586716
139473,13.585953581732403
139475,28.52085708226524
139471,30.855498239829746
139472,29.09715520086985
139474,13.487127937118945
139477,35.095077803451126
139478,13.09648821206196
139479,26.746986383103796
139480,33.6922321292714
139481,33.01290028164659
139482,8.475766758332695
139486,10.379558237777758
139488,-1.5891804544693748
139487,19.03577916018011
139485,22.540054033625832
139483,23.15836798879789
139484,-0.23734906171226733
139489,-13.418411262699635
139490,-26.61973311105927
139491,-1.9491797482317388
139492,18.61991291593393
139493,2.1893446696280723
139494,-22.77186167392518
139500,-7.0477013299545685
139499,-20.087660979410494
139498,1.058672113481773
139497,17.84281336282612
139495,-1.6918112298018837
139496,-21.04798041397337
139501,-12.774903906776045
139502,-21.865355616727314
139503,1.2185544681287945
139504,19.38227252906873
139505,-1.511241582274872
139506,-22.563610411408693
139512,-10.197311173719111
139511,-13.428087652833806
139510,5.090485308457421
139509,20.76146565752705
139508,3.338628090099826
139507,-13.188807716553882
139513,-2.284562078721301
139514,-6.868612214736766
139515,8.620160072956772
139516,22.619369593068807
139517,9.52323813183243
139518,-5.927033940837694
139524,2.5837581600058055
139523,-0.891725517886286
139522,11.549446970472204
139521,22.649626103220967
139520,13.160524053107315
139519,-0.942653356170748
139525,1.7970893420090617
139526,2.2329117771006857
139527,15.935481870303825
139528,24.173309948835424
139529,14.173359678048927
139530,1.1129986583323772
139536,3.7183280078777035
139535,7.798394313860511
139533,21.62275200623516
139532,24.71567359011908
139531,18.509559475455216
139534,8.066068236857332
139537,15.542724246947284
139538,26.187112391041865
139539,29.801453168213623
139540,31.44861940149189
139541,35.77382176011383
139542,23.84544697540767
139544,49.37830989597978
139543,52.922714777861124
139545,49.077698228947234
139546,41.188157367731336
139547,59.43992281689434
139548,52.42294700044479
139552,57.31283930680735
139551,49.86205701663047
139553,47.098115107086684
139549,41.99709969385613
139550,53.75742603103895
139554,48.04850056631598
139560,36.961938850126344
139558,36.10925115479275
139559,35.218737218065016
139556,33.27460505893477
139555,38.45689798848841
139557,33.09393468805119
139561,31.974384647038093
139562,24.81281276079084
139563,26.346028475013576
139564,29.595039991170207
139565,26.691766401545095
139566,25.60761816512408
139572,17.92649530856592
139571,18.205872693876778
139570,23.26339196996569
139569,19.64880499002824
139567,16.691352855174944
139568,18.55287711132584
139573,16.694719941511078
139574,12.457838357522757
139575,19.9647652469722
139576,17.70519102249034
139577,14.443759359101872
139578,13.48473380619686
139584,5.297113538759344
139582,0.6264212982117705
139583,6.68311550918089
139580,9.248212850699698
139579,-0.29842161705500914
139581,-1.9669188220533078
139585,4.220464038286722
139586,-7.1473162047774785
139587,4.973765533281901
139588,9.876307169492097
139589,-5.65644764215142
139590,-5.330862467029587
139596,2.817654778186972
139594,-5.110561686806278
139595,4.430727200566409
139592,5.450892031637512
139591,-2.8077065644530528
139593,-6.245439604784101
139597,1.6564227600712524
139598,-7.852536941859869
139599,3.6127345433464484
139600,9.411420494493537
139601,2.00328288658459
139602,-7.586012825259904
139607,4.711200468266461
139603,-8.359230303646857
139604,3.6394826414573744
139605,7.490359063898425
139606,4.817344401128519
139608,-6.03862817251148
139614,0.9997899728877604
139613,-4.073866490852888
139612,8.829375069579353
139611,9.831579362905888
139610,3.0581945023932784
139609,-5.860641854860384
139615,3.393581326223565
139616,-2.6695576633659046
139617,8.41320623408542
139618,13.045448937888203
139619,8.18028314311768
139620,-1.3663367999551186
139626,10.068831224933934
139625,1.9225727251434064
139624,13.302378769677043
139623,13.147171554722794
139622,8.771205262750538
139621,1.2978805786723946
139627,-22.17964477802333
139628,-10.441363865007743
139629,5.7528248916145195
139630,6.958263230286458
139631,2.0652471604822384
139632,-7.1915784492588815
139638,-32.28537076103892
139637,-33.85598316282432
139636,-12.553735187555597
139635,2.6627198994022496
139634,-14.483155411783878
139633,-33.76682900101685
139639,-34.08172531008063
139640,-38.132677849790724
139641,-9.134043331427893
139642,4.196940837288574
139643,-16.714314268754947
139644,-35.91066538055962
139650,-24.890573147691132
139649,-35.24488465195927
139648,-8.175996110407784
139647,3.7149550105886036
139646,-15.594311778077607
139645,-34.930127219618086
139651,-13.636436070754009
139652,-25.250739157604826
139653,-4.278908468069906
139654,6.976187095683445
139655,-4.3360902970180915
139656,-28.707422332356657
139661,-3.297119555704638
139660,-11.296126607973846
139662,4.681621156348538
139658,11.955126731614477
139657,8.289273788867197
139659,-13.970197150318732
139663,9.93881967881488
139664,0.9291792587634555
139665,8.239121785149162
139666,16.164011722007928
139667,12.892777106333613
139668,-1.5851318192456763
139674,16.11883300560652
139673,9.280395657185203
139672,12.272666687714691
139671,18.694543392859735
139670,19.269769019949074
139669,11.023437940380145
139675,12.642784675659833
139676,18.26072668784813
139677,18.804809020214453
139678,19.279401822226408
139679,26.85947946067905
139680,14.801414920402788
139685,28.224067785850167
139684,36.08157097851424
139686,29.693440610671225
139682,27.496181093580972
139681,41.783945816378505
139683,33.28811975232071
139687,74.67575451775288
139688,56.85059105358495
139689,41.29792051140801
139690,40.57004397352649
139691,54.42892782618038
139692,53.90768087414031
139697,80.81676450899472
139696,49.88051337793883
139698,38.140556574209825
139694,39.92066879207709
139693,50.337288429900205
139695,42.437250567337564
139703,70.92211155970067
139702,46.86345675756678
139704,34.18895607707328
139700,36.54342352790701
139699,45.52535101348737
139701,32.89968342572038
139705,64.08225893026511
139706,30.54688565905869
139707,25.992816776262146
139708,27.99410807273345
139709,32.06726726403782
139710,29.38577726490823
139715,27.03792930128622
139716,34.032875830541066
139714,24.608235093404975
139713,21.38041787842884
139712,22.686770791250453
139711,35.06320422271285
139717,25.59659626075085
139718,29.28150622803329
139719,18.700668013771775
139720,16.722714484683415
139721,12.516121796363992
139722,27.668559426627418
139728,21.25492521549056
139727,2.8902214376787843
139726,13.13636455534505
139724,10.873582753568853
139723,8.21215969480627
139725,3.6835417671509205
139729,13.944474300127288
139730,0.715697373140503
139731,11.364221607674708
139732,12.015065178546761
139733,4.155988536749093
139734,1.751532397882185
139739,14.946259907271953
139740,-0.680404035208154
139738,13.279681500408579
139737,13.46651200069475
139736,6.361836679601112
139735,1.7735161363413017
139741,26.149957946030973
139742,-1.3469514370266467
139743,13.481268523575899
139744,15.727383894507673
139745,9.6253671001305
139746,3.5904301308505557
139752,25.814894839385982
139751,3.3406157022589626
139750,16.29287021107701
139749,16.580345180297545
139748,11.137712083504523
139747,6.247747067936853
139753,25.984809874381575
139754,7.551929377312838
139755,18.544107346823523
139756,19.91591052019782
139757,15.006345294818418
139758,8.662674973024206
139763,33.35948696652246
139762,15.825853248326666
139764,23.812624323876904
139760,23.257261020270995
139759,22.107357168559247
139761,16.290508256338903
139765,42.37007115434742
139766,21.410138342686345
139767,31.89552839907712
139768,29.0140372095269
139769,25.0346840382595
139770,22.22199673744447
139776,20.575954857634443
139775,14.275427924181852
139774,25.473051225889705
139773,24.410464514325685
139772,22.736520095993193
139771,14.989316200573855
139777,2.527854333779538
139778,6.5253618580266375
139779,13.175879740421733
139780,18.74001692724365
139781,14.281324438105056
139782,2.7426017982370334
139787,-4.241296508246114
139786,0.23044454601602649
139788,14.483802128545882
139784,19.282961803870297
139783,11.49065022916978
139785,5.883002397961933
139789,5.717054899449234
139790,7.422668819546322
139791,15.819939723182571
139792,16.74181794969312
139793,12.170985489852201
139794,8.737938503319121
139799,9.131402906811122
139798,12.651472963604215
139800,22.109289419997857
139796,22.84806461786154
139795,22.23069325629063
139797,16.29052899171876
139805,21.356133169893496
139804,16.166420451364107
139806,26.40923943616874
139802,25.043757875867538
139801,29.56002341713065
139803,21.96300087331128
139807,33.48703984014479
139808,28.158666269370578
139809,25.04187907204168
139810,23.571270214076016
139811,31.10351167872069
139812,30.25411508739246
139817,31.818735976205183
139818,29.585794272193233
139816,28.076287210247745
139814,27.479113805949993
139815,35.21874783705229
139813,32.960749021476786
139819,34.677521727907845
139820,35.096146404242916
139821,31.846963245650215
139822,25.2377888231281
139823,37.53189473600484
139824,36.98610461059674
139825,38.56528597280958
139826,51.70389326938199
139827,29.80801799718511
139828,28.29135489709109
139829,50.342433750236786
139830,52.51584553217858
139836,68.29645896994016
139835,67.88629037341857
139834,48.80030109178399
139831,42.35064362712627
139832,60.62173337574377
139833,67.47270714850909
139837,65.71698657987633
139838,58.277651402933074
139839,43.8140336338331
139840,33.407353616286514
139841,54.96344746218642
139842,60.73852021902515
139847,49.300016927064966
139848,47.40587143722096
139846,39.76218434944013
139843,34.751200206136275
139844,38.498505788876955
139845,38.294979917237235
139849,39.473789869147126
139850,39.858232830064665
139851,32.86680790387891
139852,31.00794283282358
139853,29.837994145866134
139854,26.671900405157434
139860,31.693547315724135
139859,29.192084817452127
139858,28.93987694238996
139856,31.59875746337474
139855,20.375812464803403
139857,16.418403259374163
139861,20.65143800949805
139862,35.1799917488584
139863,23.029786041182785
139864,22.962114556560195
139865,20.280402238576066
139866,9.45645399651979
139871,21.573263960152556
139872,10.582145968459447
139870,14.427733871138278
139867,15.758582903184557
139868,9.624087653240968
139869,5.656975782098623
139873,15.622641030069301
139874,3.367743918691386
139875,12.872099445139035
139876,19.131070429573754
139877,10.937315039756973
139878,3.9254290036120336
139884,16.74985614816743
139883,5.05869188403611
139882,15.710235647340326
139880,19.353672249801846
139879,10.315576620970251
139881,5.187473489221665
139885,13.205506509427579
139886,8.535075135824423
139887,14.437261963886286
139888,24.337703220253452
139889,15.874476270840395
139890,4.172389925363403
139896,15.896129556949965
139895,9.000238400336874
139894,19.94101877729009
139892,23.136796934741838
139891,16.894971569237395
139893,6.9416845981954225
139897,20.814536008522253
139898,14.18632434511726
139899,20.537098161476173
139900,29.26078470826491
139901,24.673363526658946
139902,9.960653977138682
139908,29.624208120191952
139907,21.167619148723222
139906,27.045027036009603
139905,29.720762924334394
139903,27.826367633886495
139904,16.748369942556405
139909,33.464680321799115
139910,29.463643464283166
139911,26.204426015532192
139912,34.55487540486022
139913,32.64223611054743
139914,18.236228796193544
139919,11.636781097774845
139920,17.984105361219754
139918,19.042967383645838
139917,22.66601680172395
139916,25.676112025207452
139915,11.46611371941594
139921,-19.725180043154705
139922,-17.407791162670705
139923,2.3836829089828884
139924,17.60481565823551
139925,-2.9201343687385783
139926,-12.67559978180264
139932,-21.785267573795654
139931,-12.77395661735219
139930,0.3812490702392779
139927,16.31498325791014
139928,-4.067620939458879
139929,-14.766279632919272
139937,-21.76813974070748
139938,-12.346735897523937
139936,2.4698829102951176
139933,15.532285998169861
139934,0.09356004332364432
139935,-11.999837646799694
139939,-17.609227308535687
139940,-5.154836408967832
139941,8.86930613229401
139942,20.01424144130785
139943,6.42585649099783
139944,-4.684065191509596
139949,-7.301304850620745
139950,2.7682432237880583
139948,14.893151064513761
139945,21.370605332798423
139946,12.69910233739109
139947,3.3827199315913603
139951,-1.5115165255976954
139952,9.312631538753802
139953,20.144965543224444
139954,25.50316239257672
139955,15.490233329436565
139956,9.242990875235437
139962,6.55093203028623
139961,15.604710740239069
139960,23.496059680012344
139958,25.945715747889164
139957,16.681989744544502
139959,15.186754274446669
139963,8.302654000255325
139964,17.494329202192034
139965,27.01666250352629
139966,26.648217075550633
139967,28.36499725713867
139968,18.343557025009144
139973,20.518381052609286
139974,37.2136306096182
139972,37.125680051904254
139969,30.87087932717664
139970,43.92683095740492
139971,38.93522275903024
139975,58.48691030114618
139976,63.12422995570911
139977,56.14212862723168
139978,44.06913748293708
139979,53.76333620588913
139980,61.75194499714068
139986,67.85917992091225
139985,53.13255744469008
139984,48.663735633476605
139982,45.38690184784289
139981,45.14825068520658
139983,53.87628671751871
139987,49.96267677025286
139988,43.48901617841793
139989,39.23747047050813
139990,34.81603103476495
139991,36.10448955252994
139992,39.56505936195583
139998,37.64095321848781
139997,28.737282234755924
139996,34.2282541162749
139994,28.496869574018802
139993,32.036072290004554
139995,31.850861606178537
139999,29.98924437121915
140000,18.929006884910642
140001,28.175089637119825
140002,26.381793642562698
140003,24.861422802162338
140004,21.852359556552624
140010,25.14840148659328
140009,13.14468299803442
140008,23.773518240361994
140007,20.691303142952904
140005,21.07844346157612
140006,13.7598723490412
140011,27.929699409607213
140012,8.86650946514386
140013,17.70974106561106
140014,16.004027267564833
140015,9.349235378303629
140016,12.75176448702956
140020,30.783644847866004
140021,6.633582545666812
140022,15.57573489393849
140019,18.38057694912007
140017,13.340553800667033
140018,7.088537902580262
140023,30.63557818436078
140024,5.124692219496984
140025,17.676140291554102
140026,19.17531758466263
140027,13.094428987633375
140028,7.855473543262006
140034,34.72236971604205
140033,7.366927501335574
140032,17.38291246829479
140030,18.569640837769562
140029,14.584387060973352
140031,10.259359297160982
140035,35.434480033351825
140036,9.043871434698872
140037,21.613540468190884
140038,21.101623883660185
140039,19.66756437084953
140040,12.613999799404784
140046,46.63054920962006
140045,13.366943593257515
140044,29.072593035778866
140042,22.95750082732131
140041,23.31953942806191
140043,20.27000943054709
140047,51.086174920147286
140048,21.16922925396144
140049,39.56380968881737
140050,27.838129121086375
140051,26.61048389677773
140052,23.087971576891725
140055,55.60146805689864
140058,29.431336080327288
140057,38.43211741090538
140054,29.057645517738695
140053,29.720708011696566
140056,28.180784245294447
140063,9.70995644932273
140059,25.010093593333867
140060,29.25657425135169
140061,23.32200011860097
140062,25.43278404975651
140064,21.263407977095042
140069,-14.317531647416626
140068,-8.016181554938893
140070,6.848199332279746
140066,16.71524182399415
140065,4.095629488673267
140067,-11.822564491058252
140076,-12.301754433635624
140075,-10.305641631326207
140074,5.01786179033342
140071,16.826717358716326
140072,1.806135197082953
140073,-10.76249192893992
140077,-14.192608484927565
140078,-10.23338289527666
140079,8.285400442392348
140080,18.8547524154064
140081,4.525500595063134
140082,-9.648144201599287
140083,-7.726476345978488
140084,-2.4047053548325543
140085,13.791191785374775
140086,21.482537646771384
140087,10.465804136521935
140088,-1.42134603147678
140093,1.7653998311295762
140092,5.075873627811145
140094,18.91011001390111
140090,23.667875848276395
140089,16.248934977513215
140091,6.069942905706769
140100,9.72914762013948
140099,8.821129252382015
140098,21.736061900312908
140097,25.11864741122747
140096,21.45440060006746
140095,10.369025912277978
140105,11.62092773717661
140104,11.51638594789539
140106,24.428774910845647
140102,26.55419355803715
140101,22.46259451223219
140103,12.662639198573725
140111,12.069094300364789
140110,12.473936827235153
140112,24.23995614848544
140108,26.566035389610263
140107,23.729630832454255
140109,13.584817299923303
140113,18.843711089507547
140114,32.45339119053385
140115,36.052333602936194
140116,32.87040092561926
140117,41.23293278652377
140118,32.53862334606394
140123,60.082973024836605
140124,57.17038404982594
140122,55.10322837672884
140120,43.79029230974177
140119,58.59466286017463
140121,58.622030071912114
140125,65.22080315545904
140126,47.131495899163426
140127,48.390974153462345
140128,41.803162677758735
140129,53.54379353146349
140130,47.39114148467309
140136,50.48724196060198
140135,34.71276554936275
140134,36.29398188002381
140133,31.623910006295006
140132,40.329194616927985
140131,36.18295437717023
140137,36.589554375326166
140138,23.684544949210455
140139,29.629981466162654
140140,21.421774613179192
140141,23.242637740581173
140142,24.810375411070034
140148,28.132834770752567
140147,15.345813050345239
140146,25.519316006012158
140145,20.997410586882893
140144,16.762230846136
140143,19.45377771423365
140149,26.87984629139902
140150,8.840060021482298
140151,22.111501762203442
140152,19.782480533567714
140153,16.242801454571463
140154,12.035889792321191
140160,24.4501248645929
140159,5.812865520264155
140158,14.030671582741387
140157,11.581228929639671
140156,5.8488624221169605
140155,9.81365225012123
140161,27.35552736667244
140162,3.3426209496585306
140163,14.519746174885158
140164,12.625206621439348
140165,4.741420559818247
140166,5.3587448695902005
140171,26.10720669610128
140170,4.674828858104522
140172,11.78482292265533
140168,11.745075026755071
140167,8.79015845909765
140169,8.220528602642101
140173,28.967559103427906
140174,5.30321012391318
140175,13.997427520608918
140176,16.448931967837545
140177,12.011317790022535
140178,6.446741005016193
140184,26.171985811774142
140183,9.205980337557301
140182,18.18758362595938
140181,19.432551217105136
140180,18.143160610636677
140179,9.22247158415976
140185,34.71856972605069
140186,12.070779977723626
140187,23.22679101079812
140188,23.775863052371218
140189,23.244200972171488
140190,13.721924116607918
140195,35.71840021817631
140194,21.88401858616698
140196,25.621609778434316
140192,23.506691507893343
140191,24.276279823269096
140193,21.89780530916604
140197,34.379558563763354
140198,23.20967813635282
140199,31.762726888187792
140200,23.702398167376828
140201,25.77135778922761
140202,21.345350852103444
140207,2.3178275507883503
140206,17.42116839014708
140208,19.089223629533326
140204,18.180771775812424
140203,18.86594674619613
140205,17.086740613941217
140213,-24.020707483856107
140212,-11.8553538465581
140214,4.732776078109588
140210,11.60230388327582
140209,3.61043363125649
140211,-6.3470319928286365
140215,-25.288364331613664
140216,-8.16627959017731
140217,6.134402424394427
140218,11.525982013638082
140219,0.7095168542020716
140220,-7.653584876440319
140225,-25.903249686728756
140226,-9.678235791167246
140224,4.518154747222592
140223,12.382126711667215
140222,2.966595436750829
140221,-12.04576329880679
140227,-25.043311736258957
140228,-6.4042617472699686
140229,8.105849804185702
140230,13.015178554533467
140231,5.840415865928382
140232,-6.594577709724996
140238,-9.92635034421614
140237,2.360155162403932
140236,11.84671086812956
140233,13.7893992296044
140234,14.805927371673926
140235,5.052833869876455
140243,-3.0302038136842224
140244,9.62182389924574
140242,15.850983793084218
140239,16.174070118207847
140240,20.12050528623144
140241,11.10695293689603
140245,1.6224258474745605
140246,15.111587485459111
140247,18.92855339347797
140248,18.121339294371325
140249,25.710804836663204
140250,16.462227662190536
140255,9.318316113724011
140256,24.33482449523334
140254,23.463793526701984
140251,19.769445527505
140252,32.41049187874274
140253,25.29666154484468
140257,20.2032348122597
140258,35.34731106456652
140259,30.15738166017638
140260,23.4931351881528
140261,43.24029266146905
140262,34.991849929772066
140268,51.53807774583021
140267,50.51480559758474
140266,40.2376493428118
140264,32.60686315443726
140263,52.3381580722436
140265,48.30769391105738
140269,49.68416573012023
140270,41.95606604710423
140271,36.38093886452599
140272,34.16346515233723
140273,51.075460862241414
140274,40.45971930326946
140279,39.33086076472695
140280,31.599205057757665
140278,31.916733827776227
140275,24.62830375483356
140276,38.932714017658796
140277,31.872385740666424
140281,27.84378923161627
140282,25.106919902362332
140283,26.56545148357039
140284,16.255605818368096
140285,25.170615236064382
140286,24.15738724549355
140292,18.917264175260797
140291,18.974351106425516
140290,22.846553459901827
140288,15.369880301637476
140287,18.006958365019273
140289,20.018477620411435
140293,14.357904185673231
140294,11.543159548701407
140295,20.225395619274423
140296,14.018204396965988
140297,13.555005686642842
140298,11.994916518048456
140304,16.357931237942324
140303,2.9785792409372753
140302,10.276878800644573
140300,5.067377324199791
140299,3.4219852066489453
140301,4.601468198264679
140305,13.245005889036126
140306,0.9416383261944983
140307,9.18279596956657
140308,8.145093821309752
140309,9.459684609189738
140310,0.5909122428936726
140316,13.62447466878952
140315,3.817310870014304
140314,12.581571622925228
140313,12.284646030281426
140311,8.789666649783987
140312,4.073821829773151
140317,16.621769201069718
140318,3.7542037008066744
140319,15.251956049820247
140320,14.047313807596046
140321,12.543384675852064
140322,5.038872407146498
140327,23.10546367002011
140328,3.6158532374286008
140326,17.81523771678143
140325,17.02327532822789
140324,14.473006725496429
140323,7.662952934918444
140329,27.514800355656327
140330,8.175453343086504
140331,21.617171394633935
140332,20.86719961620409
140333,20.542523931705716
140334,11.26233002553666
140340,37.25490953259842
140339,15.803998153856675
140338,28.806609046110246
140336,22.874073776836525
140335,25.49985039939563
140337,20.537917669708758
140341,42.17841129820945
140342,18.57981663113274
140343,34.1940924962614
140344,27.268548761053218
140345,28.677744295644928
140346,20.83653381219046
140351,22.512979065829214
140352,15.02336754841134
140350,30.56431699565775
140349,25.433133366792802
140348,24.55200826936712
140347,17.580920235444864
140353,0.4912340734012304
140354,3.730401537443643
140355,14.938563152604456
140356,18.0085617294256
140357,17.291077311722457
140358,2.9261269706233612
140364,3.4654365808032876
140363,0.12601526040012878
140362,14.119102743650256
140361,18.1427645845596
140360,12.993848175507306
140359,0.5224687077162287
140365,10.573567214676864
140366,1.0120874021720958
140367,17.53698817102495
140368,16.252141559633756
140369,14.927251937541833
140370,0.9695309360101678
140375,17.81529688556977
140374,12.424436680019518
140376,21.08003893960401
140372,20.652408212358985
140371,25.052136232198052
140373,13.526474382367562
140377,35.885253836424916
140378,23.14297786377326
140379,27.889507291621833
140380,25.776694183168097
140381,30.90271775971592
140382,23.691571065012564
140388,49.67203067860896
140387,31.371650985115533
140386,32.14041668922651
140385,28.80994526370533
140384,38.37551993938163
140383,35.006181198678036
140389,55.17830471696848
140390,36.2186718064255
140391,34.29807120750742
140392,30.27382547359921
140393,42.912007600528
140394,37.07841343265322
140399,46.244283330201704
140398,39.86801038232708
140400,35.315028177369996
140396,30.133400273541287
140395,47.769766450244475
140397,39.29114957936836
140401,59.91504984002297
140402,53.89994486498365
140403,42.07399520603575
140404,34.385947478970905
140405,55.9687239414646
140406,52.98541427962316
140411,86.68909922573157
140410,69.196079798769
140412,51.5886357864988
140408,43.64644204897764
140407,68.02638095021659
140409,66.80961612015349
140417,79.56559699728665
140416,59.28929114155754
140418,49.169066358277036
140414,42.28785416815151
140413,57.980627790143245
140415,57.0107960390974
140419,58.78604419548742
140420,44.093632951744716
140421,38.25362835761594
140422,38.13613550030975
140423,46.66083755764677
140424,43.065381985023166
140430,35.05432838164449
140429,35.2707182944765
140428,31.925086448311916
140427,24.518576295263756
140426,37.71998801993974
140425,33.95714497206206
140431,30.496844542172695
140432,24.98136288965098
140433,28.889117836342628
140434,14.368550697414387
140435,17.39796344178067
140436,25.527999996781755
140442,23.78500061548044
140441,17.048254663163576
140440,23.05529942685625
140439,16.45092328048194
140438,15.5902836398092
140437,20.792939903303193
140443,28.021683324842513
140444,10.044706225589545
140445,18.535780607684885
140446,13.404002787908532
140447,7.621767587705774
140448,11.043177828472778
140454,20.229527545697117
140453,7.236102101576816
140452,16.416444840195588
140451,17.098571357553784
140450,5.41929817839011
140449,10.347710295179162
140455,20.636361838120813
140456,5.5860766404448485
140457,18.044446626304172
140458,16.324086289570936
140459,7.165801439484932
140460,8.037098190098957
140466,18.118065207130414
140465,5.968706936477227
140464,15.386049817725581
140463,18.110788424801292
140462,5.999514888688223
140461,8.268098176808273
140467,21.40149324054731
140468,4.409606967462157
140469,18.032006863132978
140470,18.386033413645386
140471,9.69924736372198
140472,4.998814491176574
140477,31.239180603827936
140476,9.102697974475872
140478,13.587980698641788
140474,14.957342517519848
140473,13.714778434088354
140475,10.436318698170288
140479,32.93260306945457
140480,6.771300854899414
140481,16.1407056024942
140482,19.131444927466305
140483,14.540750896197599
140484,6.030127842627543
140490,34.97889940611237
140489,9.379503772991463
140488,18.453505011110607
140487,20.48613081148801
140486,16.617933263680282
140485,9.967530993483368
140491,33.82886760261681
140492,3.934825971894214
140493,14.51976382961206
140494,18.81867775857185
140495,17.27543054366031
140496,4.774531009555694
140501,20.219761420814777
140500,5.626631231694209
140502,11.555549255487108
140498,17.386478626978416
140497,15.100202618698273
140499,4.2750181923251365
140503,17.328092742515334
140504,9.728962782315476
140505,8.78396857305281
140506,16.91050935009235
140507,8.278176057236431
140508,8.633307877294076
140513,2.4656382866205657
140512,-0.19886179246378521
140514,9.797176259592902
140510,16.739277148832844
140509,12.685016279732402
140511,0.8123963217663777
140519,-7.914601626580652
140518,9.363210019310825
140520,12.754234710207085
140516,18.75255310054598
140515,18.16646254412315
140517,9.779762385687839
140521,-10.56609451350942
140522,11.628535927907729
140523,14.962290007700915
140524,17.816837669439
140525,22.72138250893284
140526,13.171252266966698
140531,-4.2908201178578995
140532,17.29738581517116
140529,18.428350835500318
140528,23.473361060794613
140530,27.507181014701544
140527,14.716230706783225
140533,-1.201600636373911
140534,21.66711879350397
140535,22.360536315358736
140536,23.666627933053746
140537,31.095119886126703
140538,24.87359342018214
140544,5.940666432550675
140543,26.208185867032235
140542,26.28120877752064
140540,27.37085215024716
140539,36.558590405584205
140541,28.102331732949057
140545,17.357082183662232
140546,38.35939159229399
140547,35.8960350681019
140548,30.91554301113122
140549,47.729582826965746
140550,40.45388779205706
140555,54.99057351833443
140556,51.09481257165826
140554,49.6299630110956
140552,41.721228171611315
140551,62.09686389878033
140553,52.59639025802558
140557,69.90698548115832
140558,49.508335818755974
140559,50.39907210721655
140560,43.403574757756466
140561,57.81459799509759
140562,44.808408292697194
140564,58.862507376454246
140563,39.07575576999082
140565,40.81872108459905
140566,38.16289697472935
140567,48.56216804249664
140568,36.69213830996968
140572,52.13296883586173
140571,26.804930212635846
140573,34.3530613497269
140569,39.25309918611865
140570,38.378144543650706
140574,27.75836161195464
140579,41.038030557539656
140580,20.802785570168165
140578,26.335240066280218
140577,24.108666331282805
140576,33.86434207691441
140575,26.87442234136422
140581,31.111787516620247
140582,8.799563177184726
140583,23.230405960680223
140584,27.09744063017667
140585,17.66079803943012
140586,18.279756417952974
140592,11.562120868379019
140591,6.180874168531511
140590,13.878866378275134
140588,12.579834203902506
140587,10.703437949373278
140589,5.291300857430955
140593,-1.518147494834433
140594,3.3646577997804155
140595,9.640751650180064
140596,19.68151446526811
140597,13.305540321954748
140598,1.9927506746254888
140603,2.9166083982737625
140604,0.9524908939913823
140602,12.247965493470039
140601,17.531971626775338
140600,11.251137571295146
140599,1.0708529515012497
140605,-5.210465966204831
140606,4.9341385994190965
140607,10.814096954365613
140608,27.435312437877165
140609,18.449467449249106
140610,4.2335837592725225
140616,2.9548306111001468
140615,10.148450109014435
140614,19.287090299150037
140613,23.88341761240524
140612,18.015338515453223
140611,3.44897241243937
140617,11.096289049256807
140618,8.064191235259226
140619,14.413435852720825
140620,27.018747232738825
140621,24.192882592109548
140622,8.726277675046092
140626,23.57372976188798
140625,7.146620970024472
140627,19.100817591955238
140623,26.304842123885386
140624,24.48144528735614
140628,12.106174202313818
140633,29.92383236404801
140634,18.988568912319238
140632,20.678984247989142
140631,25.702495722417375
140630,26.76047620687435
140629,15.354546649611283
140635,-2.943291547878551
140636,16.725832517845177
140637,5.441360351634159
140638,26.657097181989972
140639,24.563719323119273
140640,12.710500047535728
140646,-29.222761818538252
140645,-20.438087926482172
140644,-18.296807288484043
140642,12.71719197961903
140641,-11.843509617646763
140643,-22.53916569204451
140647,-34.08376960120857
140648,-28.80797976360034
140649,-33.0724930447565
140650,6.24200260640685
140651,-25.98565198686204
140652,-28.584704689657613
140657,-20.864387813686996
140658,-27.386526041694776
140656,-28.519134911419926
140655,-1.739760630771709
140654,-21.991841430012048
140653,-28.006417811772565
140659,-7.271678227944264
140660,-21.256771096273447
140661,-26.024989216407963
140662,0.8985957682625578
140663,-19.690207987951204
140664,-20.486703610992326
140670,-3.054040877392085
140669,-23.18126732094249
140668,-19.193488521879242
140667,2.240650367117058
140666,-8.292622974302567
140665,-18.250910136508367
140671,-1.1588462016499843
140672,-21.794090908651842
140673,-15.888331224913491
140674,9.42257160222768
140675,-9.543064807373842
140676,-19.80817102929619
140681,0.07338512603308889
140680,-26.41546855664979
140682,-8.474105473578769
140678,13.748767209633186
140677,-3.463297667323971
140679,-26.861614656389534
140683,-6.385685919555348
140684,-23.683318878677966
140685,-7.53957122474544
140686,12.924885881727485
140687,-4.103844061574644
140688,-22.64463061909227
140694,-3.669873407748401
140693,-3.0652540568405833
140692,6.101825895006225
140691,18.156305011209547
140690,15.39761758776649
140689,0.025585446646260834
140695,45.09380194609618
140696,30.47584456127732
140697,29.550386674329182
140698,32.420746989359046
140699,37.96932425996625
140700,30.67380769255628
140705,50.133569949432484
140704,25.24501251499763
140706,28.31856332326631
140702,28.32137465394392
140701,36.86704561106167
140703,26.005711740435224
140707,36.709301999124236
140708,18.562260547392825
140709,19.68135932253277
140710,14.060509209466145
140711,12.966892043225275
140712,18.521205359948297
140717,15.090091669160298
140716,6.5573385342241375
140718,15.614932315297242
140714,12.642632887959191
140713,7.42782634741738
140715,8.198453322087378
140723,1.8440745918357422
140722,2.3797714042403353
140724,10.829645352475794
140720,9.930761195316917
140719,1.8669101072377732
140721,2.771223075132319
140725,-6.3683568256470995
140726,-2.5137558579313186
140727,7.0679267365683405
140728,11.406714521723254
140729,-2.552560019363466
140730,-0.8771174846920013
140736,-4.850576521411883
140735,-5.833362248076879
140734,4.579396332633851
140733,9.250250633026571
140732,-8.397273074631117
140731,-4.6996445084788485
140737,-8.314372914089413
140738,-8.53764890213085
140739,2.9434168826533957
140740,9.057019435827772
140741,-1.408198783880093
140742,-8.198916955445755
140748,-17.802906372674258
140747,-2.335940205287204
140746,3.9941906682377026
140745,11.21241175388392
140744,-2.8907339502183085
140743,-13.362229091366444
140749,-18.55903546582598
140750,-10.815539258928984
140751,5.1000785665242825
140752,12.330947012343955
140753,4.39408389834667
140754,-12.341301510988968
140760,-16.267899308934474
140759,-1.9030255516089145
140757,4.855716805426532
140756,6.974339201674395
140755,-1.6773493485135322
140758,1.2779662392429998
140761,-8.238488211458328
140762,-4.557085048812215
140763,4.533877624355754
140764,15.777482121299826
140765,9.346419225409734
140766,-2.79647426711556
140768,-5.649186555303626
140767,-0.9930513795197742
140769,10.939566025136353
140770,17.588883750029726
140771,12.855944289269628
140772,-0.5290428630398942
140776,5.592475153395146
140775,8.158173635300185
140777,11.81385686391169
140773,12.26985970500353
140774,6.468314968959552
140778,0.504491028465125
140784,-26.535809425743107
140782,-3.7163838551002213
140783,3.4427967503536685
140780,1.351606402064247
140779,1.5605732242341954
140781,-1.8183913873535573
140785,-56.7658436582382
140786,-43.16252452730277
140787,-16.203405201842664
140788,1.6214124913853567
140789,-17.663291662709877
140790,-42.485181650522364
140796,-47.787687440229185
140795,-49.77433442912178
140794,-18.78282389934556
140793,0.6886759484618481
140791,-29.79758536752542
140792,-56.212772835969055
140797,-34.23756296897114
140798,-53.0098576577677
140799,-19.64522572724653
140800,-2.74639460526487
140801,-25.974826347089767
140802,-55.17254349379105
140808,-29.103365736255263
140806,-36.67304777271714
140807,-16.81465472104363
140804,-3.4609628243602604
140803,-13.825310338418527
140805,-38.407825114440705
140809,-13.91790346169288
140810,-27.33521854266925
140811,-8.24223480379234
140812,3.691100679092667
140813,-7.0359659148824
140814,-30.26555556651292
140820,-8.616197220153573
140818,-15.93033073994539
140819,-3.209666696699755
140816,7.403428990490382
140815,-6.12426788171137
140817,-17.778894160956064
140821,4.638519717260968
140822,-5.408720068403885
140823,1.2443522804417952
140824,9.665030007372911
140825,-4.939452415141483
140826,-10.281693196352677
140831,7.184044916504251
140827,8.375727142638178
140828,11.48888296100422
140829,11.960333436333588
140830,8.35313601095814
140832,4.481172735848057
140837,19.91500346235956
140838,39.525389648328094
140836,23.264168714546617
140835,22.167797211746073
140834,39.53864236636231
140833,36.04581413833941
140839,62.75875653159623
140840,46.5457822624149
140841,37.91273832222194
140842,37.765711162529264
140843,53.66160623193059
140844,62.93493978113863
140850,57.4349971516705
140849,46.87574303788179
140848,40.43526266407773
140845,43.06008830604665
140846,42.91939031169774
140847,45.29676995935506
140855,52.44359162206534
140856,35.245320244740554
140854,33.80103673084542
140851,37.32909030152755
140852,30.839535938950938
140853,35.318506305107
140857,66.42273416268121
140858,25.918982403763636
140859,26.439406485424215
140860,24.308571024673633
140861,23.557358361123185
140862,24.46873901819037
140867,27.955459358228516
140868,19.13369268820881
140866,22.906179802946
140863,23.090414236723625
140864,15.180391220710312
140865,18.83032834427501
140869,12.920353389291492
140870,11.90336923632054
140871,17.42196696553519
140872,15.21972509556289
140873,10.227045811336822
140874,12.379932379727682
140880,15.472817739985057
140879,0.6928111377480706
140878,8.48104232640565
140876,5.789659929310627
140875,0.5492595047852609
140877,1.8021397651033872
140881,18.73389656665043
140882,1.0768982379185266
140883,6.923457117603325
140884,8.484656279489384
140885,-4.1904613530333785
140886,0.8250427077778939
140891,40.251231399815396
140892,1.5140152912635525
140890,8.19736346020154
140887,14.554317571376968
140888,-2.3104460894777468
140889,0.7272986688495662
140893,3.812576703558441
140894,0.5490646107167176
140895,8.45744239051843
140896,7.96536431886064
140897,3.041192584220841
140898,1.7983306884518893
140904,1.521163600658329
140903,2.951215161257288
140902,9.058494868038315
140900,13.899210097669023
140899,0.9496236533063929
140901,-1.6349439102352141
140905,5.280117916960681
140906,10.737657035566908
140907,8.41994933804827
140908,14.418606174629273
140909,4.290646315293813
140910,5.276108448025624
140916,12.223744465680742
140915,10.255712429832617
140914,13.750552121274703
140912,16.874621507077684
140911,5.805164522093492
140913,8.863523161146915
140917,10.404283195327785
140918,17.663186599738435
140919,17.637348706247707
140920,17.49949215081406
140921,15.890797074805171
140922,15.742167213732042
140928,-7.897433090088456
140927,9.359977886536884
140926,14.167890933837533
140925,16.164564680872452
140923,12.638174729270975
140924,9.359515395157555
140929,-30.02071096205166
140930,-11.765042585643883
140931,6.743291528035995
140932,11.318450590515662
140933,4.755047143213751
140934,-11.81103431043568
140939,-26.452393720944713
140940,-16.316260924321607
140938,0.9523643702018587
140937,11.210907190048573
140936,0.4213393481609753
140935,-17.849972084808556
140941,-22.71120462183912
140942,-15.183062724368092
140943,7.672528410779275
140944,10.27345592291549
140945,-0.4880619501655179
140946,-15.14352177396089
140952,-16.14589731557806
140951,-14.757166662619234
140950,8.846745234171998
140948,15.736313496239637
140947,7.329786553276081
140949,-11.532544115724514
140953,-9.171878357394041
140954,-8.198791394753757
140955,13.809655285449848
140956,16.33951123154515
140957,14.443180011195537
140958,-8.763173559969674
140963,-1.4895391398766922
140964,-1.8430083810113924
140962,15.417901040529074
140961,22.425253267948555
140960,21.25227019173274
140959,-1.187736649972786
140965,9.198609221454687
140966,3.7506065666908466
140967,20.22931372650709
140968,23.313081614335275
140969,22.563074205549437
140970,3.7976132544912495
140976,16.02348594027231
140975,8.172638743189847
140974,23.599778251025825
140973,27.14641918326248
140972,29.335900141583735
140971,11.289682871545022
140977,28.46133256139109
140978,34.90714535529513
140979,29.181626319782957
140980,30.943075055762982
140981,43.60321709053257
140982,35.17892312197022
140987,63.75687203733551
140986,59.24918275436257
140988,49.766537134106485
140984,49.37648950652796
140983,61.34349513635909
140985,56.618418049417556
140989,73.80332741189491
140990,63.01053861349183
140991,43.71882096266343
140992,47.56631991970949
140993,51.140717434367865
140994,60.68448428087417
141000,60.71641752586969
140999,48.165635130558144
140998,36.57404240102837
140997,27.1752956114096
140996,45.29416764542998
140995,50.641437219662315
141001,47.13275374588345
141002,43.876716175330316
141003,28.97210429659705
141004,26.190974702299815
141005,28.267925103393456
141006,47.43696362639975
141011,36.3828759676478
141010,30.642027153489504
141012,30.54194492980922
141008,30.09115930706894
141007,24.888817884867503
141009,28.142516327189153
141013,41.641417314802965
141014,25.445711292497116
141015,20.392107582441945
141016,26.050810604186847
141017,16.71771669953022
141018,26.00397171899595
141023,31.663736507814516
141022,21.542363817929303
141024,20.45512557739378
141020,21.280515437907894
141019,11.816419641861788
141021,20.178013818922857
141029,31.924671403832033
141028,16.817747145765576
141030,19.537392360307948
141026,19.07149875553327
141025,12.56919331916247
141027,14.29154441808455
141031,31.522806334265052
141032,16.313482061920322
141033,14.481980709384835
141034,18.172976655988116
141035,9.254618482222815
141036,16.791338337630012
141041,31.47848944891011
141040,15.609785767604805
141042,17.052592776627797
141038,19.876065620182004
141037,12.8842581990972
141039,11.151815955674461
141043,30.506091842132033
141044,16.533964045218436
141045,13.38312793169778
141046,25.315904565402022
141047,20.08078571278579
141048,14.260151754013894
141054,32.92983839320894
141053,19.611502481055027
141052,19.17342094167513
141051,21.150226674769407
141050,21.356744877505584
141049,15.560129843839396
141055,31.837370001438355
141056,19.848180448716825
141057,15.539619019556957
141058,24.66930217214455
141059,23.748223657115602
141060,17.87320715944879
141066,31.533818826822436
141065,21.319715113424856
141064,19.75599758815884
141063,18.988500383968596
141062,19.473595836053384
141061,19.61097318037619
141067,-4.720533546878751
141068,9.905027144090436
141069,8.62061790148752
141070,15.947844022164936
141071,12.640373890009947
141072,10.48295283739204
141078,-34.36009158346617
141077,-23.385051819518633
141076,-5.861557413745337
141075,6.089088182736045
141074,-10.566490690354115
141073,-22.598722996912503
141079,-18.61256994661966
141080,-24.753537202034487
141081,-11.010921770112844
141082,9.51230004784667
141083,-15.788597447040324
141084,-26.10022412415135
141089,-23.751349212622287
141088,-28.18399825512264
141090,-13.338881305469808
141086,11.296209303185588
141085,-10.498573384312994
141087,-29.04289844223142
141091,-22.77784144030828
141092,-27.138664727404887
141093,-9.999388639574697
141094,11.065118559767459
141095,-5.74544187746138
141096,-26.034881272020456
141102,-20.248053664031975
141101,-21.457921124508417
141100,-4.481649647476376
141099,12.376560092083167
141098,-10.758865006811664
141097,-20.55143021691256
141103,-6.003134414832472
141104,-15.855402631607614
141105,-0.9311557556144248
141106,14.464810850495315
141107,-6.279074172768993
141108,-18.031237458121407
141113,1.3189754220083643
141112,-11.720008446919461
141114,5.7449390203129855
141110,19.356928870863214
141109,-0.6244463784571082
141111,-12.923963352607158
141115,10.624812126905828
141116,-1.4865506306615774
141117,6.557495386241879
141118,21.54499759124225
141119,2.16618244748355
141120,-3.987893328286793
141125,21.408778578778453
141124,20.724345898944108
141126,24.730224368920737
141122,30.663850675816363
141121,27.31245569440467
141123,20.237136687294587
141131,55.73987837004947
141130,42.05199670284816
141132,41.19926376940728
141128,42.08390641479392
141127,50.49224768237056
141129,41.3551001522446
141133,50.304630486760644
141134,31.475861858939815
141135,33.23103328351197
141136,37.955164568314025
141137,45.05205580439414
141138,34.974134808174256
141143,25.12585129379453
141144,20.949953937674636
141142,27.24955358961177
141141,25.051050870563977
141140,22.95038669275361
141139,24.70085517316277
141145,12.3307799084012
141146,10.632562165360557
141147,21.86111600498699
141148,18.650560167537755
141149,14.441647166265938
141150,10.375977856129893
141156,7.228594906274186
141155,3.132881507697392
141154,17.960155022049705
141151,15.095863937347865
141152,8.205332950062335
141153,9.295190592976024
141161,5.3782456540943535
141162,0.8685930473693784
141160,14.872680836661043
141157,11.463639638963532
141158,9.268018291661763
141159,3.8444221635694626
141163,8.500393635696293
141164,3.411904161540483
141165,11.953636987729652
141166,9.06882435623449
141167,3.1768879266023617
141168,6.5571447328265675
141173,16.890383610042292
141174,4.806635775231628
141172,11.682877890104603
141169,11.00257839985381
141170,3.919792524708728
141171,4.292219603567505
141175,14.53241504904925
141176,4.87455528275399
141177,12.218456368520812
141178,13.137542337795903
141179,8.928579231755146
141180,5.2880636235282195
141186,13.631423890129497
141185,4.392901027006557
141184,13.845305586420903
141182,15.876524368394545
141181,6.991839673968167
141183,6.737071408273913
141187,17.769306218282658
141188,19.8398433810394
141189,12.377945242933034
141190,17.414962360182308
141191,11.154185642365167
141192,7.535017637521658
141197,19.63642164806847
141198,24.746908731390235
141196,15.790225647549132
141193,17.03591926499791
141194,18.46211150223033
141195,12.874303754960586
141199,24.934141798645783
141200,35.24187646973739
141201,20.186039813236142
141202,21.2643721820693
141203,18.675315184600002
141204,21.563019894909065
141210,32.08364069242211
141209,32.24028266690509
141208,24.1301132245122
141206,24.82406574258107
141205,20.945425058584632
141207,25.162208421455066
141211,15.130051436264882
141212,20.91410000353185
141213,21.13960301262277
141214,16.534887104626847
141215,15.411850363743982
141216,16.908728411823503
141222,-3.9375520414358203
141221,-1.7984684740611687
141220,14.78714779063322
141218,16.60438461418397
141217,9.146138439948185
141219,4.783032420534145
141223,-10.856825206918757
141224,3.4544301183167168
141225,11.302339310610492
141226,14.805725293015291
141227,11.76812929231279
141228,3.3223188259884626
141234,-8.547552394294852
141233,0.5979886697652175
141232,8.11316720567952
141231,14.403741533383347
141229,6.643730148912823
141230,0.8765413101376893
141235,-13.708428952086894
141236,2.539408822913405
141237,11.283058724995236
141238,16.54411425006961
141239,4.963147959680097
141240,2.1569187229801585
141245,-8.945000273572408
141246,5.555275643403954
141244,11.175322749449393
141243,18.34689883328051
141242,9.641917872509326
141241,3.7698591254932796
141247,-8.232303016926995
141248,11.89951101663728
141249,16.992740881598706
141250,18.39410666863627
141251,13.831446661890546
141252,7.419982518714228
141258,0.6410795733539398
141257,15.372511219613063
141256,20.241456182918515
141253,18.242604185844357
141254,20.229118387396205
141255,14.226417189759845
141263,9.558379677278548
141264,23.972888339745943
141262,25.17276252239448
141259,20.95487404462289
141260,28.06260398780129
141261,24.354597756300052
141265,20.82422234059207
141266,44.61065382887695
141267,32.536196745524414
141268,29.00734803063876
141269,41.291207137284104
141270,42.564896601395446
141275,42.9741390974038
141276,47.91736892724304
141274,38.60282345360393
141271,30.514947003289443
141272,48.03505489363931
141273,44.68262951421913
141277,35.56155485580553
141278,44.58511855806703
141279,33.28689836640526
141280,20.335545775806537
141281,35.878969698563594
141282,42.10461973438983
141288,33.176041779116176
141287,27.767370918864273
141286,27.401504284017133
141284,22.404815174407666
141283,23.160031902903402
141285,25.48290509741404
141289,19.49371497223185
141290,12.19161428827834
141291,26.034197238233425
141292,19.65735045252712
141293,16.04014839512248
141294,18.247165153409213
141299,13.888043667260666
141300,8.908945724942644
141298,21.34311013065097
141295,13.471750735182479
141296,15.658336925648147
141297,13.563662264355063
141301,7.6340606905799175
141302,5.614630553014393
141303,21.090703574141397
141304,15.124651413068912
141305,11.676036600385073
141306,9.954209021120498
141312,8.706130198617307
141311,4.392556108171107
141310,12.985116110867725
141308,6.4142550852116385
141307,3.494923525989911
141309,5.444886358455412
141313,16.241667431702137
141314,0.6235422362940684
141315,13.054198801724848
141316,9.3454639446959
141317,4.738809113855557
141318,-2.661835494363678
141324,14.87557324699245
141323,-2.5615742849816385
141322,13.471980672058857
141320,10.379306030625141
141319,9.161976570894655
141321,7.3244783622631715
141325,20.953330597512306
141326,3.75197895942242
141327,12.093162412281183
141328,13.287682831966865
141329,9.703388584685541
141330,4.121810244593429
141336,15.195763667216431
141335,5.313729317148017
141334,11.805397616938308
141333,12.904690896515369
141331,10.261659828792205
141332,6.338136558037895
141337,11.725218594961333
141338,-0.3921197574467732
141339,13.807723461226741
141340,14.990511290680471
141341,10.95210825575804
141342,-0.11213450862789909
141347,17.433667599736808
141348,5.549227843233818
141346,16.798453954568515
141345,17.980694223728776
141344,5.6959919371920975
141343,8.214594483404568
141349,22.819642499931398
141350,28.015608544721815
141351,15.856753360324035
141352,16.80503316532618
141353,14.259939333670552
141354,8.35314211362676
141360,2.1664689364150007
141359,17.304675713957252
141358,12.392975027949616
141356,16.3737903940673
141355,9.852852469916483
141357,6.8504328407811395
141361,-8.160018422556613
141362,13.415676097719619
141363,15.723979454421805
141364,13.468995713549752
141365,16.118235929544205
141366,22.417618328596763
141371,-12.423217173061612
141372,13.09456988144494
141370,11.97871332762653
141369,12.12591646501241
141368,15.963363691811757
141367,4.207915775991262
141373,-15.602951105539628
141374,9.475495546342042
141375,9.3125574839772
141376,4.5679091645839245
141377,7.484322595750374
141378,12.254971262665386
141384,-19.141448165454054
141383,1.616050012782515
141382,4.993157849521315
141381,8.506858185459325
141380,13.71356699320605
141379,-4.499382881890002
141385,-18.359666638493856
141386,3.5858965699489733
141387,10.193328218662732
141388,8.305555644337304
141389,15.117757121676894
141390,3.142499763951175
141395,-7.602028684539502
141394,6.6251201825164205
141396,16.116068136370593
141392,12.047141131149129
141391,18.897985637370507
141393,8.938385076547243
141397,-1.2447888790927244
141398,20.468405434870178
141399,16.892033162959013
141400,14.456004541807241
141401,29.908256795454058
141402,24.481849490221833
141408,9.720222253026252
141407,25.52625089925221
141406,19.782977558630684
141405,18.127820636150947
141404,39.13096989596191
141403,24.410199301779496
141409,63.549137283479865
141410,30.522747519219973
141411,25.674048677212237
141412,23.086459362318415
141413,40.94607078107684
141414,29.84524657008081
141419,45.9575627957674
141418,33.745433407426376
141420,32.94931919195986
141416,25.90947105754457
141415,38.60340793235978
141417,36.863695554829164
141421,53.04253739465083
141422,26.22368119989445
141423,28.96879886829524
141424,24.409339998875904
141425,31.778918569122716
141426,24.270251543944468
141431,37.78266756307068
141430,25.363138051782418
141432,26.92447331452826
141428,18.93384606082007
141427,21.32983930626422
141429,24.653701250167547
141437,56.499925282347945
141436,21.991882510985793
141438,24.614006794997692
141434,10.741135631355986
141433,26.667950221667233
141435,23.411272852356927
141439,55.88898155410283
141440,36.75465639668596
141441,26.63166287820013
141442,10.273980070347745
141443,8.067878261517665
141444,22.170337167977966
141449,45.641017557629624
141448,16.52673316557587
141450,28.764426973345344
141446,12.304096313879086
141445,14.493737519948425
141447,27.104086917607916
141451,58.67596657510368
141452,15.981025254710294
141453,17.628588525238776
141454,10.245480854568635
141455,3.925008041677838
141456,21.664989998758504
141462,54.017092571912585
141461,11.683030862559418
141460,16.02269274964859
141459,11.787403288299513
141458,5.636874605521097
141457,25.73421795868545
141463,40.25808463915919
141464,15.96584080782945
141465,18.150838469812804
141466,10.266527832779548
141467,2.69630519286122
141468,19.741739812704267
141474,34.511023469980046
141473,16.325410550085373
141472,16.26085132989904
141471,12.556245529600517
141470,9.716268318279868
141469,25.368458738740728
141475,44.14492244089139
141476,32.925762738574086
141477,8.982208099150515
141478,11.138746250262741
141479,5.920832791661288
141480,30.876365223284438
141486,70.94229656207779
141485,31.445299655191132
141484,16.302839838498215
141483,13.192773266746363
141482,11.404902666522
141481,37.0204829835295
141487,65.57403947963837
141488,28.878799727972613
141489,21.481459683175395
141490,13.449853559599928
141491,5.850742688480443
141492,32.23183873195181
141497,56.34640398183804
141496,25.468809191502054
141498,25.52821541694241
141494,15.169295466209787
141493,26.6957537574244
141495,27.13576644176962
141499,43.4938845042107
141500,24.188288968397785
141501,32.765213189312334
141502,27.266702901785223
141503,13.606556246939354
141504,25.911673438466984
141510,19.95785625588691
141509,18.43937610619263
141508,16.558911988694675
141507,15.870973445121
141506,13.83107517144813
141505,23.353070838901104
141511,9.070484954162191
141512,17.44012648078772
141513,12.355490620664416
141514,7.114406045081589
141515,6.356548170198019
141516,18.075234753334083
141521,3.11933581731443
141520,2.689753389457106
141522,9.473252416665167
141518,5.964148582737145
141517,8.664524780463925
141519,8.593803591796323
141523,4.1144591771690475
141524,3.8911754889104095
141525,6.201436583208887
141526,8.996973424524594
141527,15.072447144572255
141528,10.976187119150973
141533,2.6484054957374257
141532,3.8240892046916244
141534,10.108492220713778
141530,17.542535525988285
141529,20.900836461109527
141531,8.431830502072163
141539,13.721875651120818
141538,13.873744794622525
141540,14.17297707287928
141536,22.558710633404004
141535,21.90561465734693
141537,13.394433519178328
141541,16.264741520918307
141542,23.394085907855214
141543,14.921097038176121
141544,25.144987792524965
141545,28.995859022952352
141546,23.926552612710864
141551,22.48699159963747
141552,27.829985501869064
141550,21.46212848720821
141549,27.607893644942298
141548,35.9597215997064
141547,30.2183857282264
141553,31.033713495619526
141554,36.537458582832656
141555,26.888586426963634
141556,33.77058949322331
141557,43.59318740503598
141558,38.23498468567798
141564,61.007668324920814
141563,46.5167043630723
141562,38.1229517133153
141560,42.019652501156656
141559,51.23949867282258
141561,45.93228939982143
141565,82.4678144673633
141566,39.461701139442454
141567,39.26548447638104
141568,41.54959547013179
141569,50.879517147857975
141570,52.455408835923194
141575,79.30911702677798
141576,34.77535059974782
141574,37.51172391861228
141573,38.198534916829175
141572,45.56831570504582
141571,55.37161054655315
141577,84.24939776297788
141578,26.657897213868154
141579,41.25465777554817
141580,26.288646078629625
141581,46.28675117620277
141582,30.072477179636188
141588,90.11820219251167
141587,28.556874366805296
141586,33.64270389754913
141585,28.51731398618129
141584,43.19138918913826
141583,44.833042588075216
141589,96.85229367435248
141590,30.43032754142125
141591,41.3707431166516
141592,29.54016751567938
141593,18.661723306016214
141594,38.72519090877269
141599,90.58446052105
141598,44.95056585273444
141600,34.30052058183412
141596,28.962604290947823
141595,27.402055252456698
141597,43.190009498315966
141601,80.39090550488983
141602,45.39472024274415
141603,33.36577097927749
141604,27.068904948992582
141605,21.00726340236755
141606,37.98312496333311
141612,86.26358926512252
141611,36.859460324180276
141610,30.69153406627999
141609,31.355669129905273
141608,26.983470419880486
141607,37.522932824533584
141613,72.66873110217031
141614,35.085323237632416
141615,33.677870512997345
141616,38.76992092662607
141617,22.12131418888145
141618,32.64231752275535
141623,70.51237988441797
141622,33.720353076302004
141624,31.67647190221929
141620,31.55549650939306
141619,22.23454839652816
141621,31.42208895867149
141625,82.53823072457905
141626,31.52577112519448
141627,29.59753398177639
141628,27.973701721047725
141629,19.93180827262978
141630,33.165652867702036
141635,83.56975663443646
141634,23.520812081966337
141636,32.11842750975629
141632,26.97327452005225
141631,26.238357873173925
141633,30.415515594202276
141641,88.19934537821598
141640,26.96959103642834
141642,32.22614056376719
141638,26.67175530360702
141637,25.792694331016225
141639,28.17191997810228
141643,77.98792586691192
141644,22.423215585393613
141645,26.5823412067734
141646,19.331283335877643
141647,20.89197039381599
141648,24.747581749879853
141653,34.02582365154476
141652,6.828369531899716
141654,15.356196137651072
141650,16.66819526747195
141649,16.226752698476645
141651,9.057576397479945
141655,17.527493500511156
141656,-0.1519336919607861
141657,9.501964489960073
141658,15.398030701694758
141659,-0.7792522965328219
141660,-0.9450444357827417
141666,13.171962555267022
141665,-6.256778507738636
141664,7.338330149219042
141663,15.43868867651252
141662,5.106926903757795
141661,-2.5787723542472882
141667,10.347777861468508
141668,-3.881393798937296
141669,5.853353837903981
141670,16.239064874637307
141671,5.512153837186269
141672,-3.0336671502473322
141678,10.029117965262307
141677,-5.557615625975768
141676,6.120325469333098
141675,15.42404315946792
141674,7.2351276072267865
141673,-2.7898416306494784
141679,11.558898929827606
141680,0.14180420378835912
141681,7.4952989870814895
141682,19.538560177199166
141683,4.561316432036713
141684,0.5158402560482438
141690,13.907058409206224
141689,1.6075258806525419
141688,11.04674343505198
141687,21.02445865343104
141686,3.944982660710206
141685,3.150164802307523
141691,17.945880339809907
141692,5.635445233304422
141693,15.351109959625482
141694,25.071448316340238
141695,11.799971134345435
141696,6.287378945903214
141701,39.99975827115989
141700,25.21032220012976
141702,31.411525029255223
141698,32.898319750588925
141697,38.22762936446323
141699,29.420665089473474
141703,86.4739469453565
141704,45.79645569905518
141705,44.44710893585123
141706,42.784317976186415
141707,51.14225597218598
141708,46.5200265930896
141714,96.12627594277234
141713,44.204017868179506
141712,42.217692228803905
141711,39.425732649631655
141710,48.07111042562957
141709,45.5729643103968
141715,94.96603957846673
141716,35.02975786964056
141717,36.287201811560394
141718,34.03920300213099
141719,45.96703589645864
141720,35.558848586020424
141725,71.21664103067984
141724,26.578354469659338
141726,32.18648916744709
141722,26.55990459948478
141721,36.44894330362984
141723,28.146585339389134
141727,57.298077156478236
141728,23.36923027470491
141729,28.93769391124698
141730,23.38072957410766
141731,11.95542109031325
141732,21.971521060335885
141737,31.874966114768473
141736,17.937951580083137
141738,26.211449811005835
141734,23.6453592155565
141733,14.449410350526527
141735,18.335994874861584
141743,30.74460188067406
141742,17.446187753451504
141744,20.225969500631024
141740,18.097706371713677
141739,12.006557939420604
141741,19.154875471873275
141745,27.28369522040522
141746,16.366162643957377
141747,18.861761551155702
141748,15.894766317463166
141749,9.640109806143691
141750,19.490262736068573
141755,27.820036600341403
141754,19.178572844914036
141756,20.080078187853566
141752,19.10139918491529
141753,10.270190465520809
141751,19.561874840334006
141757,26.60494093471121
141758,23.698579714954523
141759,17.439462097643744
141760,17.60969231982913
141761,11.263486779542918
141762,24.14032823340089
141766,36.90961415940747
141763,21.398239032295734
141764,20.32156224167337
141765,18.243960266820334
141767,14.071242779699014
141768,23.398083063507872
141774,43.93806661501553
141773,22.77634558034014
141772,21.288193569172527
141769,21.00833105014391
141770,19.250807818392612
141771,21.4631520339734
141779,50.92789895195754
141778,28.5563873977334
141780,23.78340566321621
141776,25.797742331160265
141775,21.788430023230568
141777,28.982210996868652
141786,65.09617057897619
141785,34.26985001340723
141784,23.805990051137577
141781,28.240412265345274
141782,28.544743080403123
141783,32.9434215347669
141787,47.34973372329041
141788,32.47445632301119
141789,16.97893963912351
141790,22.58677578828983
141791,24.424039241287254
141792,33.74573186854106
141798,14.939362089450896
141797,12.596394097269872
141796,8.552034367804506
141794,18.41534994795378
141793,14.384548515676414
141795,11.843612804193107
141799,0.444103316399838
141800,1.0401812040367107
141801,6.2520341505835555
141802,14.290527630606265
141803,6.4801310058382855
141804,0.4314103642505387
141808,0.5225178681754361
141809,-4.2027139678977425
141810,6.641962049754282
141807,15.256176723825417
141805,8.755036410347143
141806,-0.5314708554195757
141811,4.319898979149249
141812,0.3127123254548092
141813,6.407129367864764
141814,18.138066548756015
141815,11.401543069378125
141816,2.4907270972783486
141822,-0.07136720553789111
141821,-2.053731588022268
141820,9.593180469234131
141819,19.190851597022114
141818,16.021918641517424
141817,-0.13391991980811468
141823,0.05836722446932896
141824,3.135134917591486
141825,11.840068415512707
141826,20.768388877748432
141827,15.947483836089829
141828,4.255720148848199
141833,6.497714281256389
141832,5.207545318457049
141834,17.77096877934617
141830,24.346439878695307
141829,22.676741453413616
141831,6.743273411955505
141835,16.277279139536034
141836,11.278489831187311
141837,19.67188720668715
141838,23.120596317419853
141839,24.557740731699027
141840,13.012412773513775
141845,34.63028353471067
141844,35.614732408050436
141846,36.4358622575621
141842,32.97124268725037
141841,48.19710469277939
141843,37.646712506206974
141851,79.1921290140404
141850,58.52515123482026
141852,52.58775847187488
141848,45.540546318875634
141847,62.49512704700773
141849,59.828481018385304
141853,86.23840460748205
141854,46.075270633177595
141855,47.38679289407561
141856,40.1488253656794
141857,55.1987519246514
141858,53.736613398682884
141864,76.50600822558471
141863,36.5526500803081
141862,34.666238250090764
141861,31.66382070955668
141860,48.03603671845333
141859,44.176269252636985
141865,68.58357166832991
141866,26.526525675761647
141867,26.888162973279556
141868,26.112942948257864
141869,39.9991252151774
141870,24.220990965996826
141876,43.9245649368653
141875,19.778394777609
141874,24.160529159894452
141873,20.323728216136836
141872,18.750334677512683
141871,27.73532844639293
141877,28.52160864089953
141878,16.340080181387094
141879,19.90508904216275
141880,16.309666585374877
141881,9.363324000327122
141882,20.39066758126387
141888,27.551463523548133
141887,15.286829899835563
141886,15.638143463448191
141885,13.752937023295784
141884,8.144466646767675
141883,20.476708272099003
141889,27.734196286379564
141890,16.39015251317518
141891,14.690355801271414
141892,11.309768303587436
141893,4.498335364206699
141894,20.578701523837317
141900,32.39384605810771
141899,11.925365221883062
141898,14.987997225366092
141897,10.284997117762625
141896,8.411191973939257
141895,19.64379815531106
141901,31.450054745596503
141902,23.18401276719851
141903,14.547587550141097
141904,14.061663328687914
141905,4.714877430598671
141906,24.146838758728464
141911,31.31465402371477
141910,23.410980638080815
141912,20.558141708483817
141908,19.328735269814864
141907,11.228903401594106
141909,24.82398869951973
141913,50.04557966347615
141914,18.350682807397405
141915,15.40316141802231
141916,14.216549741512704
141917,10.276830682335252
141918,20.882748892319718
141924,49.88183175290026
141923,15.156640188303173
141922,16.47331342757125
141921,15.213835221996067
141920,15.871943804362132
141919,21.503987363919606
141925,32.60362242689505
141926,11.923554839386357
141927,13.325402679379796
141928,15.462383411273944
141929,13.655471117741392
141930,12.107771744180097
141935,13.63708797662142
141934,2.7817322289809274
141936,7.815279078504977
141932,8.153952569492368
141931,13.051632429552606
141933,3.006918842407252
141937,-37.15304123115176
141938,-17.722996038964666
141939,-3.319313185420647
141940,1.7840002580209868
141941,1.2513202318183207
141942,-20.50778786308357
141947,-32.551987557525386
141946,-28.58122878776284
141948,-11.31576278871537
141944,-0.7038497510248849
141943,-9.439684390718764
141945,-30.404174204206605
141953,-33.882145633254225
141952,-30.44641951836978
141954,-11.488664663627654
141950,-0.18990631686053833
141949,-6.930894510317847
141951,-33.48800052685091
141955,-40.48734973352436
141956,-31.137180362911433
141957,-4.020764569709712
141958,3.618907687339619
141959,4.41214901532888
141960,-33.27788093365124
141965,-31.18985631967645
141966,-33.092714872368084
141964,3.518521693140821
141963,8.302922958156188
141962,4.9969222585203
141961,-31.54208193196888
141967,-29.957116141996913
141968,-31.483299378343077
141969,6.9936196663433785
141970,12.076681223470402
141971,18.535364839949327
141972,-32.20513409372879
141978,-28.968014452669916
141977,-21.047071822064776
141976,12.383634263225154
141973,11.002316787128574
141974,17.39512206441679
141975,-21.631420633551453
141983,-20.184647122504785
141984,-21.203970291036278
141982,16.365947156893697
141979,12.026925709096702
141980,23.88059482406615
141981,-14.567725971718737
141985,-15.009455993369286
141986,-9.881978683170438
141987,27.553352413306364
141988,21.94794813331285
141989,34.71900248102786
141990,-8.799173620375036
141995,25.67285856173021
141996,8.219573723323887
141994,33.95884074896428
141991,23.96948290436866
141992,37.6260477766871
141993,17.04294006333367
141997,17.55772868204108
141998,9.770215483876054
141999,40.63210357827045
142000,31.90257159962963
142001,33.81993814236388
142002,14.85119896441932
142008,24.433038360235628
142007,13.474850595837708
142006,19.676497068220478
142004,24.114882330242413
142003,27.67388754256433
142005,5.864645160319337
142009,18.27015401821719
142010,3.8672085011118185
142011,4.8629208844168375
142012,14.770026930204615
142013,13.754349943186227
142014,6.042854440792304
142019,11.85485087015941
142020,-0.01110958853847066
142018,8.670163819065348
142015,16.50347421754399
142016,5.6681786934163325
142017,-5.229084642740743
142021,8.875275379056351
142022,0.8725150166778599
142023,-3.7084224587050425
142024,15.126291123610653
142025,6.6096927197037765
142026,1.9466395204204172
142032,-2.389611834462526
142031,-11.486424446064982
142030,-7.300167836188402
142028,-17.788557703321995
142027,-23.1169501309165
142029,-12.290979566599246
142033,0.8056011538899694
142034,-10.09651265997469
142035,-8.020024717119128
142036,-11.63118533924122
142037,-28.67462374987572
142038,-9.691368209430498
142044,1.062972492715545
142043,-10.313443748034958
142042,-3.656020162098267
142040,-18.09698646523585
142039,-17.942157246329394
142041,-10.71162095011299
142045,4.909588883699276
142046,-11.050651926558006
142047,-1.959231430223733
142048,-17.01727797457753
142049,-11.557977505696968
142050,-9.48544127626389
142056,1.1465353654933388
142055,-11.320836289161122
142054,-1.6349432467912663
142053,-12.929162129681936
142051,-25.807716735385235
142052,-10.298913356109578
142057,3.145429911552915
142058,-7.269660162410213
142059,1.3120499388489897
142060,-12.930671693258354
142061,-9.554738029698996
142062,-6.7918200558687065
142067,4.912196536417173
142068,-3.804215257465974
142066,3.2085000982037206
142065,-5.319009173110165
142064,-13.285043178380063
142063,-2.840063884474321
142069,6.406587742635177
142070,-4.189322095913374
142071,4.70420474141376
142072,0.6939353588244268
142073,-12.59413509949863
142074,-3.8567974815314887
142080,-26.199958760466778
142079,-14.158970846211597
142078,-3.8664633556770003
142076,-12.14235950764507
142075,-18.10346018386629
142077,-12.859764685773284
142081,-65.79922701657175
142082,-55.89808454416642
142083,-29.14467535813634
142084,-16.749213689970112
142085,-44.72357256970702
142086,-51.75372422885097
142091,-71.81544859257605
142092,-78.12535400522091
142090,-45.4595003718574
142089,-35.063713083337916
142088,-66.4352065936239
142087,-71.37855167814631
142093,-65.45368837057751
142094,-79.27807912459375
142095,-53.30140274034758
142096,-37.87239423043318
142097,-64.6247555579073
142098,-80.84764526908867
142104,-67.37089850819416
142103,-69.94115374274332
142102,-48.55296049385933
142101,-38.30452049810118
142100,-60.60399975444682
142099,-67.23256615560578
142105,-57.87731642293523
142106,-68.11254045291876
142107,-48.07684354921785
142108,-33.71453792857112
142109,-52.987661755826394
142110,-68.95316487167965
142115,-60.451510662596625
142114,-64.49811828925861
142116,-46.00991199028065
142112,-33.298061286222975
142111,-46.949263530613834
142113,-66.82633267757852
142117,-54.85324730098029
142118,-64.40952985217095
142119,-42.153268795080606
142120,-29.16949835044877
142121,-47.763083432161466
142122,-65.30345340111367
142128,-55.23319805882398
142127,-54.190112080455165
142126,-35.61452083911034
142125,-26.285937076557143
142124,-42.5095173858719
142123,-50.343710931959
142129,-29.100331011119305
142130,-23.722730561917466
142131,-16.95801634907151
142132,-12.913833711601855
142133,-17.2997104446668
142134,-24.23400995302262
142139,23.149079126512603
142138,13.08837882735177
142140,14.5609373844812
142136,9.690173511987147
142135,11.681112340626811
142137,11.524422593958382
142141,46.1856680245949
142142,22.347314602929664
142143,24.629974146507813
142144,18.818330865306123
142145,10.927851339661117
142146,22.658872844718474
142151,46.07315806567573
142150,20.147747790671875
142152,28.836467037518638
142148,20.991309331265526
142147,17.25412410931288
142149,19.36499861048121
142157,49.76472607103463
142156,19.61527895374347
142158,29.496903072258743
142154,19.348132775650363
142153,15.792353113108117
142155,20.58972423702943
142159,60.19044457782211
142160,27.213535322381784
142161,26.480737252631
142162,17.34048950479864
142163,14.470495991741378
142164,26.497893890495654
142170,64.86132167368922
142169,28.6177293181681
142168,27.793272843611064
142167,19.204295291066533
142166,24.846850481100113
142165,30.167023935567396
142171,94.39282058474495
142172,36.988542753372855
142173,21.15950183014281
142174,15.282811637564883
142175,14.577693759217903
142176,28.90071098385038
142182,99.3659561108526
142181,36.176905163274014
142180,23.53346111016214
142179,11.964326171108896
142178,18.539158940373405
142177,39.41862476516552
142183,102.60183266872826
142184,43.36298659132859
142185,24.467181993249618
142186,14.538492718301598
142187,26.33954856375923
142188,36.93358771625883
142194,102.25421266308706
142193,42.57818744138331
142191,25.316190878314885
142190,18.54920193735011
142189,35.68161204325227
142192,37.77339763174158
142195,111.01767611836814
142196,50.07405003186773
142197,26.684640738561512
142198,16.998568900954954
142199,32.6376121449132
142200,50.74746661086543
142202,100.12543137444102
142201,51.110693802682626
142203,28.53656755626517
142204,18.671799930299393
142205,29.846609994340113
142206,47.540430575672126
142210,89.42874457338579
142209,51.22351293859968
142211,33.03876126014508
142207,29.217997493760222
142208,33.24302048343485
142212,56.696020353120716
142218,93.36859562084385
142216,52.885424572263844
142217,33.89944963017915
142214,32.25139021798785
142213,34.580474479105966
142215,47.53284637024602
142219,66.65265837590117
142220,47.33879011504989
142221,22.51986845599955
142222,21.59095701082962
142223,22.06208755921361
142224,45.52249106553877
142230,11.777758159970054
142229,3.4480014805115724
142228,-0.18271197344599344
142227,6.880642803924288
142225,-4.59774608553278
142226,8.132910211398112
142231,-5.680429943208434
142232,-11.151088216238085
142233,-5.75184710738805
142234,7.161929729312492
142235,-14.57375446215484
142236,-11.3114427309904
142242,-1.753640856629902
142240,-16.162340154506936
142241,-4.850291226779509
142238,11.730825150265293
142237,-11.015100021116965
142239,-15.936147191097948
142243,-12.733082189380383
142244,-12.896967976939086
142245,-5.363772378792674
142246,10.874370788369584
142247,-8.360728470104496
142248,-11.259621474698298
142254,-12.505980166002512
142252,-15.755539977350642
142253,-2.315996903063027
142250,12.597468731900626
142249,-5.724247057740479
142251,-15.690461252586303
142255,-12.121258134813123
142256,-15.801735058589509
142257,-4.694736100396278
142258,11.43905423943268
142259,-8.249909036684357
142260,-14.312967357578845
142265,-12.640122326396733
142261,-15.04978043897343
142262,-1.132445559162809
142263,11.885040311737374
142264,-7.767164189205161
142266,-14.451831509661128
142271,-13.575904000511274
142272,-10.709237961302671
142269,0.5416315462121704
142268,17.92929564962042
142270,-2.689481220771361
142267,-9.459145084287929
142273,7.740911776438487
142274,20.44818298096581
142275,21.0124684347104
142276,26.124301048325716
142277,24.08739296280439
142278,21.063597579532896
142284,57.91609529387573
142283,49.26946635254647
142282,46.342976137775295
142280,42.99454833163914
142279,46.454424925747716
142281,47.78942361316885
142285,58.14210082277727
142286,45.92661018279637
142287,50.02935495624433
142288,46.108055822571124
142289,47.927602192491925
142290,46.724580947429246
142295,47.67803913735974
142296,42.415061340850315
142294,50.92372259268425
142293,44.89400471906835
142292,44.74861429572869
142291,44.914460968899895
142297,39.11478706102957
142298,38.20570354223621
142299,48.325425907653226
142300,39.127170845572714
142301,43.19479633922825
142302,37.989060060995385
142308,34.17968484578441
142307,31.293589775102255
142306,41.88208606938818
142305,33.780010249650104
142304,35.1875904080202
142303,28.392412020372735
142309,28.006021967104346
142310,24.18364279699497
142311,41.99606153607665
142312,31.24925005837688
142313,33.383105188060554
142314,23.816290013412285
142319,50.54420327699641
142318,26.434367248517702
142320,33.70714134693047
142316,16.696081012700937
142315,19.601076946283445
142317,29.155176204302993
142321,52.7112630087435
142322,41.19584260439166
142323,33.604075122863335
142324,10.872456862142203
142325,17.492019038884525
142326,27.090590912851027
142332,55.51319310242842
142331,27.219312397041605
142330,32.04152540999393
142329,19.426176918208515
142328,23.896920322410587
142327,27.10402245893994
142333,61.002140652309414
142334,27.534831506463345
142335,34.01267876455701
142336,15.526016956646105
142337,23.973109594942
142338,27.54514254899637
142343,63.23532857666522
142342,29.689425705682744
142344,31.906799711840943
142340,17.351463171136814
142339,24.34262507144681
142341,32.02995605491505
142345,71.24025604471608
142346,33.58128476267313
142347,34.61043875193919
142348,20.412599241314282
142349,25.21262025477289
142350,33.87823542975462
142355,70.68310059926615
142354,37.75812629780922
142356,36.14068082915687
142352,25.404728073909233
142351,29.2477412824757
142353,37.067487385105935
142361,71.94642607173975
142360,42.227128888820374
142362,37.81306980321794
142358,27.58159028342801
142357,31.364517745483273
142359,41.505209147688376
142363,42.722382327014586
142364,38.26890303250305
142365,29.113885720834986
142366,23.694998629310383
142367,25.337640861723557
142368,36.30737793236938
142373,-10.027610642508954
142374,-5.334775508550998
142372,3.5617668335218235
142370,12.77767994868161
142371,-2.1006115156628473
142369,-1.2307711421715668
142375,-17.40955291168593
142376,-15.135296184528602
142377,-4.704193382784446
142378,9.465203306037601
142379,-12.11194779432931
142380,-14.207164216719054
142386,-11.607083120508584
142385,-18.610932579922917
142384,-3.7789853628807926
142382,10.990944721045432
142381,-10.065479134901018
142383,-16.526868499081232
142387,-17.353580500493166
142388,-17.427318932538828
142389,-3.53415088913734
142390,10.003673440470948
142391,-8.45025767385542
142392,-15.875491658013948
142397,-19.153241625485734
142398,-17.61566137649538
142396,-2.230797396967036
142395,11.138767132511294
142394,-5.632034558147226
142393,-16.6634234687061
142399,-22.070401891946005
142400,-20.619246529751326
142401,-3.2931023655992187
142402,11.167099195240555
142403,-7.185026951701667
142404,-21.95652286698421
142410,-20.418783834440273
142409,-24.78113134111736
142408,-3.430175147618824
142406,13.8762220270535
142405,-7.71938478182416
142407,-25.016418147945885
142411,-19.54346926106762
142412,-16.668004122888867
142413,0.8246374983303202
142414,12.464228612081406
142415,-3.2989355135885807
142416,-17.117391640547254
142420,-0.4093911929235752
142421,9.263460680795538
142422,18.55277193443616
142419,21.36733636443637
142417,19.923965697790706
142418,11.81468676341783
142423,45.7305606887877
142424,35.621640817217965
142425,34.25217916192078
142426,33.07641935138421
142427,34.958919909922926
142428,36.23528169274211
142434,41.33665419756778
142431,29.362921019882172
142433,29.380120182055652
142429,28.64342364699919
142430,32.7867745078847
142432,26.773112922223063
142435,25.692131121530338
142436,17.903517236022946
142437,20.652885708564277
142438,25.449710957112963
142439,25.853815848736076
142440,18.410742281517052
142444,23.769296395547073
142446,5.653022540909628
142445,20.383637829834488
142443,19.407024425623696
142441,19.914515643841135
142442,7.145759167492299
142447,6.580280175116556
142448,2.253460878973094
142449,14.009527505005604
142450,2.857427104515841
142451,18.553579636187354
142452,4.6964053152864125
142458,7.8862409691108315
142457,0.20025766642985765
142456,13.74370277887278
142455,4.480658120955118
142453,0.47086570601928024
142454,5.231463829590551
142459,1.7641374075621714
142460,-1.5266232097256554
142461,3.035842197873328
142462,-0.9252589521749544
142463,-12.223338045563501
142464,-6.387303903071074
142469,7.013050651083562
142468,-0.30691197563273764
142470,4.881458516892065
142466,3.6567552879340255
142465,-8.735486640822128
142467,-4.959551497822444
142476,19.46455195082234
142475,2.729518942961554
142474,8.857971416901002
142472,5.7572886906511975
142471,-5.280258970585318
142473,14.829135250536
142477,18.930645056268872
142478,9.974642339822214
142479,14.19660661811584
142480,4.918600253122504
142481,-2.3506321538367807
142482,13.266575466734581
142488,29.32416275120128
142487,9.035493036507912
142486,17.43404885285531
142485,9.772686336988164
142484,7.547732199622102
142483,13.848364656008917
142489,31.647597978719155
142490,13.45165623473505
142491,25.976965562101416
142492,10.366527284473328
142493,6.7548293307902405
142494,17.345088714366767
142500,37.539010210795496
142499,13.407319333733067
142498,22.669346298238207
142496,12.651508735656602
142495,10.38153556482158
142497,14.48136487548631
142501,45.16699126846341
142502,16.207174397589974
142503,21.02179649969481
142504,15.51559206563139
142505,10.765377833322122
142506,16.610511083407108
142509,41.99909202808223
142512,10.218687638184708
142511,16.46286889201464
142508,10.518669539604481
142507,15.703570268951696
142510,13.464994991451583
142517,-10.68710666413194
142513,-6.644657346140681
142514,3.713150667301737
142515,4.729956944278773
142516,-0.3217333875542492
142518,-5.016399191228371
142523,-14.227496538118984
142524,-17.92308519202804
142522,-0.08454635514336761
142521,6.572683351051418
142520,-4.514937150709299
142519,-14.435459731010072
142525,-23.292236280683774
142526,-21.83048553353354
142527,-1.0452670640717185
142528,0.9953832110532099
142529,-10.302469401125725
142530,-22.720179836590365
142536,-30.33689804123379
142535,-24.508919490806022
142534,-5.028379940013615
142532,-0.09464714067379898
142531,-10.408800486183411
142533,-22.362637594637278
142537,-30.995837665949594
142538,-20.68794831536433
142539,0.329716981959681
142540,2.867798285791495
142541,-7.528656906838008
142542,-21.930374139564
142547,-30.112273659162934
142548,-19.919191524253225
142546,-0.1284476760777773
142545,6.377469545939522
142544,-2.409134442230674
142543,-19.063518945775673
142549,-28.626384421520964
142550,-16.135143303386737
142551,5.866882748593847
142552,9.605225788811977
142553,1.7953463334244688
142554,-15.522174756250582
142560,-26.402021750356447
142559,-8.609899269078532
142558,9.253993580574436
142557,16.213387626104748
142556,9.164616426989687
142555,-9.598029993287195
142561,-6.885384377144263
142562,12.977690521937538
142563,17.518074264265195
142564,23.15545597878691
142565,23.222043452566417
142566,12.008622316102795
142571,33.364112021222695
142570,30.761778897418296
142572,30.969776654244264
142568,37.2602351236998
142567,32.847680476258496
142569,29.142562199886015
142573,41.22015632504947
142574,27.563742801815184
142575,27.074340210403676
142576,34.721827670303895
142577,27.69134316571234
142578,28.73084519645392
142584,38.68088192246684
142583,23.216446347130056
142582,23.035312875361917
142581,22.85431115060475
142580,22.018600530862738
142579,23.467106531960106
142585,31.28238912905721
142586,20.373877129206193
142587,21.164534415215314
142588,14.605864238106044
142589,8.199718487762869
142590,22.465831105956376
142596,31.13900048538818
142595,15.638555098668006
142594,18.468772385177807
142593,12.004708661957881
142592,9.021743073282588
142591,16.064392280645237
142597,33.376705217172535
142598,20.157144471786744
142599,16.197714646562037
142600,14.993716769623262
142601,13.225894796707784
142602,19.336209091392647
142608,67.63501792637561
142607,12.034050704242762
142606,13.59854822401681
142605,9.29990893153654
142604,-2.5951469922441284
142603,18.64146178327827
142609,68.51234812407856
142610,14.603367163061417
142611,14.245709977460809
142612,-2.6465173303147855
142613,-9.11223149410392
142614,13.201595323510961
142625,61.58250099028749
142624,15.97807117530104
142626,20.117265630856185
142622,7.351280154761147
142621,7.494429251134926
142623,19.494498797435753
142627,68.63642884797248
142628,20.523470100238512
142629,18.10039054668141
142630,3.837903604866181
142631,9.301856548158103
142632,24.918755306685313
142638,71.1338559059361
142637,21.509495622301213
142636,18.920984816349282
142635,11.577909264881416
142634,12.47257213818587
142633,28.22585289150509
142639,57.4372565594961
142640,30.10863288008862
142641,18.836567324396135
142642,11.759220579582399
142643,10.769348459869372
142644,27.920198782734424
142649,53.953971179629825
142648,31.256302104522767
142650,21.065780237325438
142646,15.311710087764721
142645,12.00637269067318
142647,23.955412176354294
142651,27.534325537312547
142652,27.543546361856112
142653,11.382709952273478
142654,1.6703645436173682
142655,0.7568588441684092
142656,20.010301594357955
142661,-21.962104035106847
142660,-12.401393110017803
142662,-7.819747117563691
142658,-4.148879142494393
142657,-18.3664804616965
142659,-17.342318513043125
142667,-25.601912368743285
142666,-34.42454168669474
142668,-18.669493940881594
142664,-5.168911195720547
142663,-28.84965808871762
142665,-34.11693492089375
142669,-28.023866311174416
142670,-35.38489324162467
142671,-21.489673060455676
142672,-1.7642627325510913
142673,-30.531784191752863
142674,-34.71399202886148
142678,-33.33320637721076
142677,-35.572193613052384
142679,-16.058968792261695
142675,-0.3725808563685957
142676,-26.12711118103138
142680,-36.139323752161665
142686,-32.83702670500654
142684,-39.12575636842447
142685,-13.930773731686887
142682,-0.3209962936191264
142681,-23.375492633358
142683,-36.98702585518344
142687,-33.31941413295586
142688,-39.419669054118955
142689,-13.376468360060128
142690,1.252026160583287
142691,-22.665197079470527
142692,-39.858316199527366
142693,-32.13024816502255
142694,-40.64611778066294
142695,-12.704876006369187
142696,1.9133494036948795
142697,-22.68238577831939
142698,-39.78268845558171
142704,-31.83764493919068
142703,-35.55048860670037
142702,-10.25609746460022
142700,5.435288488985054
142699,-17.061401594453017
142701,-35.215898877239155
142705,-7.088832907997066
142706,-4.4569129870042055
142707,8.749337583541791
142708,16.627150503423874
142709,10.301523351364825
142710,-3.376903654902309
142715,43.20170666017964
142716,21.58502571045453
142714,28.998261338530092
142712,28.805309443255883
142711,29.895447066421855
142713,22.672889001160396
142717,40.60687498121463
142718,17.335831370250922
142719,29.022793247472116
142720,27.28933959857126
142721,22.39760549508097
142722,17.462507421554545
142726,28.10528754032385
142728,11.021703051344812
142727,25.08555051852902
142724,21.002168500958938
142723,15.19936695059034
142725,16.34785325598918
142733,14.607977239776092
142729,2.892046445232751
142730,19.565269823130798
142731,21.43650720863485
142732,9.598181581884864
142734,3.0941599447176227
142739,10.868831112679041
142740,-1.5905678475581428
142738,17.906760587195386
142735,12.971851301230462
142736,3.034985536174565
142737,6.716583838995956
142741,6.441920528357676
142742,-4.935672094960949
142743,13.112707046444731
142744,8.92985208817769
142745,0.5291006445252453
142746,-2.763122575196271
142752,2.584439548310942
142749,-2.9669725276412287
142751,8.651496091942493
142747,5.4233206716703934
142748,-3.713515758058437
142750,-3.6192397346477527
142753,-3.9157001510684175
142754,-12.356743017548652
142755,4.42586529957943
142756,-2.818655763127456
142757,-11.29234711092321
142758,-11.127482175173183
142762,2.8177644152792896
142764,-9.942125198479552
142763,-0.16429438190334267
142761,2.3574930512083414
142759,-9.418139805027394
142760,-8.191464052248211
142765,2.7446921544136824
142766,-6.101504389342166
142767,1.6079188668958873
142768,3.892737278521852
142769,-3.738259929951213
142770,-5.6644292566879715
142776,9.027984425913743
142775,-1.718844073658242
142774,4.411525333590781
142773,4.003792926571361
142771,-2.3676509548480213
142772,-3.2647908868909967
142777,11.068427070241516
142778,-0.3966032842168472
142779,8.509884095152666
142780,4.00927577039169
142781,1.0830521838280402
142782,1.3763336197004614
142788,14.083278874081634
142786,5.942322817270398
142787,10.3446591360536
142784,7.761342010701021
142783,4.54229940163865
142785,6.732541971660141
142789,14.64168710770446
142790,7.058445414089865
142791,14.267810129015707
142792,14.952679215826677
142793,14.122141419372552
142794,8.485693675991577
142800,-8.044284714642242
142799,2.8798236151089025
142798,14.892845091308844
142796,12.2807265291062
142795,8.78888360949654
142797,5.895898574172376
142801,-51.701229397541034
142802,-32.83786018334761
142803,-5.031861230458595
142804,10.437450164044577
142805,-9.45136407398736
142806,-28.233789924179767
142812,-37.218230631418244
142811,-35.07212576379088
142810,-11.203228761467255
142808,8.175921889921053
142807,-20.678330397978325
142809,-35.27482061537242
142813,-35.02379939366431
142814,-33.97905115341397
142815,-8.69180879073486
142816,8.256400739360465
142817,-20.618205340046885
142818,-32.90047046735388
142821,-33.01383330366905
142824,-31.801957541398245
142823,-5.759721096604017
142820,10.138671843267442
142819,-15.279713148765616
142822,-29.222012332827077
142829,-32.3300696053122
142825,-30.672754081384387
142826,-5.8220415693407155
142827,12.286562028677924
142828,-11.539186641786426
142830,-30.01885501029148
142835,-33.09519940623445
142834,-32.64186577209077
142836,-7.840279237199216
142832,12.056294671713978
142831,-13.305583481918006
142833,-32.75157314146767
142842,-34.04674836324864
142841,-34.628916987638874
142840,-7.061446120053118
142838,11.360184568348284
142839,-13.957632143340906
142837,-33.45841917644535
142843,-33.43895495099623
142844,-31.099659936458192
142845,-4.706611244007869
142846,13.126248177494489
142847,-9.894796156211694
142848,-30.684249582135156
142854,-17.563071374918014
142853,-1.9102464845993046
142852,10.828942939427094
142851,18.9901773213065
142850,11.260413895631565
142849,-3.3035868631703087
142855,25.874457338858647
142856,18.600392451591905
142857,27.041600321982536
142858,30.712747620200044
142859,27.378126394601296
142860,17.94783332390924
142866,18.01488589590155
142865,12.411764490570848
142864,22.12382587295729
142862,23.61900086864682
142861,17.553473577891797
142863,12.496639671891812
142867,4.209033769763737
142868,-1.0845983931219596
142869,12.61444772856045
142870,20.83820413138322
142871,10.227565118754322
142872,1.0358176280025395
142878,-5.513015937690605
142877,-5.7924850631014
142876,6.387154549805904
142875,7.043500657973502
142873,-6.869975287205558
142874,-4.840632741265273
142879,-8.370238567839474
142880,-8.448171898107912
142881,5.926523754025162
142882,3.9506453424563004
142883,-9.659774861066143
142884,-7.499104634178746
142888,-5.703779713229142
142889,-9.747982427210834
142890,0.4841459562659781
142887,4.308371477723634
142885,-13.45880989297233
142886,-9.087378539534237
142891,-9.524242282051087
142892,-12.473631402735975
142893,4.850157605625926
142894,4.083882992899054
142895,-11.483632139950751
142896,-12.278893506354214
142897,-5.801651545153589
142898,-15.800438092572003
142899,-3.3256772006372346
142900,-3.8133266204356167
142901,-15.499315211080093
142902,-12.918031342541356
142908,-4.679436481003618
142907,-13.790205892907577
142906,-2.5976554282163464
142904,-5.633464503550524
142903,-16.335735735349417
142905,-9.393029130123633
142909,-8.43377390651359
142910,-16.025703067851474
142911,0.4741259184415494
142912,-3.7518405317285826
142913,-11.775219694445488
142914,-11.63195681001063
142919,-1.0813200524305846
142920,-10.47405347298121
142918,0.7382838256049586
142916,-4.27685518781494
142915,-12.151043896994558
142917,-6.782555424949952
142921,0.092101642988359
142922,-13.285481823104421
142923,5.807504696495316
142924,1.2719634564942792
142925,-5.179766243232556
142926,-7.364578414446125
142930,12.97117040574863
142932,-4.175300391298613
142931,7.070705478814243
142928,6.638442342926688
142927,-3.9657527736484965
142929,0.8720878213051222
142937,14.119209249097752
142933,-1.1969556537998667
142934,8.998474687786285
142935,15.376021980281315
142936,10.807319037296642
142938,3.7110008505860437
142943,-10.674822252979112
142944,-3.5747293476314566
142942,6.56288550001976
142940,8.343215043395162
142939,-2.652774447502921
142941,0.05855763714849882
142945,-55.30210113765498
142946,-41.85554918718537
142947,-20.564274930805862
142948,0.32472211756181846
142949,-22.508890091255083
142950,-36.17610360389084
142956,-47.680848184981215
142955,-46.0702878685791
142954,-21.373556194468154
142952,-2.098023552626664
142951,-31.395782304065172
142953,-46.498222880500784
142957,-48.994865873139574
142958,-52.2225392825935
142959,-21.426638391768865
142960,-2.369825178840715
142961,-30.346913141702515
142962,-53.11719393483073
142968,-50.31860013911284
142967,-47.266302381475526
142966,-21.551166541587705
142964,-4.690237026142739
142963,-28.451541252217154
142965,-46.22063949222939
142969,-48.19463121731903
142970,-46.277423903689616
142971,-21.37969609336312
142972,-0.24767998178554307
142973,-25.89308563591382
142974,-46.52519868289619
142980,-47.28173382193019
142979,-45.54222563360886
142978,-20.204209376637806
142977,1.2224322496826305
142975,-23.944094889930703
142976,-47.11603784806935
142981,-42.78268920161647
142982,-48.51239887247865
142983,-20.30616733564719
142984,2.1881257461956443
142985,-22.233677583728003
142986,-47.506752106599436
142990,-39.824882027132645
142991,-39.234922400955924
142992,-17.865560075318484
142989,3.4372642330587952
142987,-15.807371736426507
142988,-41.01877268593911
142993,-17.069706532360634
142994,-9.894312586376586
142995,2.113729186457096
142996,16.212670136211578
142997,8.79419424577577
142998,-9.069083575654293
143004,28.10334808784384
143003,18.45960937388732
143002,24.94989439129438
143000,24.335688262411686
142999,26.443023846795064
143001,18.93028146968797
143005,22.710442872605007
143006,8.927190103173238
143007,20.7854765989112
143008,22.798030423873794
143009,22.989347122287132
143010,10.989165360601936
143015,7.250576360329404
143016,-2.6150978831345304
143014,11.945693326944436
143013,13.323743627397008
143012,7.27766631232531
143011,1.3927697600844322
143017,-0.4946082348986396
143018,-7.827306779491978
143019,8.823342635885288
143020,8.959899196868868
143021,0.6509336297700532
143022,-5.764432364315846
143028,-7.186013656727745
143027,-5.658037510114697
143026,5.911453669792542
143025,7.326447040124458
143024,-2.976600199080673
143023,-7.111157083178589
143029,-13.09972316550999
143030,-10.695148669592593
143031,3.575055977215974
143032,4.160835877712364
143033,-2.6825284274857983
143034,-11.389688812076376
143039,-8.705830121724249
143038,-11.566563890197617
143040,0.6564151993884195
143036,1.2370247945262989
143035,-11.31334543068967
143037,-11.583308879697881
143041,-3.933138269564157
143042,-15.275154020095908
143043,-4.054933426368898
143044,-1.6740476053964644
143045,-12.387142264163357
143046,-14.515955026298611
143052,-3.717989634173531
143051,-12.204018696176512
143050,0.9802071772770358
143049,-0.11382825404624164
143048,-12.790100313722073
143047,-13.046976361502757
143053,1.3408738257906663
143054,-11.54216410077665
143055,0.5907246201046412
143056,4.966639351030261
143057,-8.109714884331403
143058,-14.630012730856269
143063,8.933266735216616
143062,-3.3743104440459577
143064,-0.6220966357080953
143060,2.3777211080436214
143059,-3.3828547360730994
143061,-8.894091143088467
143065,13.759990721263184
143066,-6.0062359785837405
143067,4.030316035344137
143068,10.392567840057826
143069,3.962616372619558
143070,-5.159045158128873
143075,18.185130779466746
143074,2.104758401449093
143076,4.0186867138093225
143072,8.16517988627061
143071,3.9227662555830873
143073,-1.2154114545440304
143081,22.627550867016964
143080,8.775485818628901
143082,5.900773325589947
143078,11.432594219054245
143077,7.345454768124486
143079,3.0405737765723364
143083,6.408704249900032
143084,-1.1118411981477347
143085,3.1261846424019213
143086,13.969430677138238
143087,9.243214362426327
143088,1.873487934247728
143094,-33.51098609410014
143092,-16.777859737259902
143093,-10.46123003207174
143090,2.420735106960903
143091,-12.403373028167756
143089,-17.151659463441355
143095,-19.6341876266894
143096,-20.379731910490563
143097,-9.971525862121858
143098,5.995561636627188
143099,-22.020421994752933
143100,-23.660302176843672
143104,-12.524611316873191
143101,-20.292178765582193
143102,-8.625454264669253
143103,5.2355183204842195
143105,-22.501043735875452
143106,-21.57189947652491
143112,-13.796137832073912
143111,-17.756180484572198
143110,-5.004111683242073
143107,11.149166020474826
143108,-11.112525186824318
143109,-14.943515086954225
143118,-10.671033490638594
143117,-15.510076801344507
143116,-0.5675442604825447
143114,13.98672303115151
143113,-4.742710789603107
143115,-10.181241637373214
143124,-7.063595559933088
143123,-13.466524890362747
143122,2.2673636345051413
143119,18.256767458554805
143120,2.106495586178811
143121,-8.393358756680056
143125,-3.085769750773869
143126,-8.929949556632016
143127,5.31182111380122
143128,17.91887151377079
143129,3.953799860922514
143130,-4.024163352196531
143131,5.644471352983932
143132,-3.057808086042421
143133,10.542050758877805
143134,20.837649179528007
143135,10.35272294229259
143136,2.512144766989353
143141,30.407742442911378
143140,27.036852251661664
143142,31.496649038024167
143138,32.08390256321904
143137,39.347846786300195
143139,29.135812356005573
143148,78.08566370623336
143147,46.9301655028836
143146,46.27505853255201
143143,47.61413602991974
143144,49.59251389686217
143145,47.22617722457389
143149,83.31028045968561
143150,35.222553672910024
143151,38.606843346198595
143152,40.535566714446176
143153,40.29264467804288
143154,34.70951045136594
143160,66.68959620309957
143159,27.585117693221605
143158,32.20808716013799
143156,33.97760388113902
143155,37.77625155434191
143157,21.017800450035843
143161,75.19045512163561
143162,20.62333352589638
143163,23.656980347381648
143164,28.065826550786216
143165,25.11919200281919
143166,15.885600398461929
143172,28.79753655689924
143171,16.211729706699742
143170,21.382356585645507
143168,16.276788032172423
143167,11.536491624702666
143169,13.987489554072313
143173,25.67160805592591
143174,15.281192109117143
143175,20.01224401761994
143176,13.63196714137163
143177,7.741260939386185
143178,14.247113661170832
143184,20.523813449683534
143183,12.710447072338878
143182,20.287748061375613
143181,15.349314687712623
143179,9.914414729391176
143180,13.828952632908871
143185,35.72511921006381
143186,20.343821839989012
143187,15.410335354006667
143188,14.466799090291085
143189,5.461682096198482
143190,18.73935719439115
143194,38.455038140262275
143195,20.98771107459739
143196,19.559766474332548
143193,13.98016568762992
143191,11.403013693435964
143192,22.664084529304137
143197,47.34398514410563
143198,25.4411850343769
143199,18.676510442563686
143200,18.878582859387105
143201,12.82820498541691
143202,24.83419302801523
143208,56.0244788922505
143207,25.810375678536367
143206,19.94451518543174
143204,18.60804164713231
143203,17.844299420709845
143205,23.274656695714523
143209,70.00036795623305
143210,28.4937024399334
143211,19.068397428647728
143212,19.521147187268266
143213,19.286052058719314
143214,28.493308253219823
143219,74.67693196622582
143220,30.859880121698772
143218,24.012196151136152
143217,19.943717809847325
143216,19.822079278467378
143215,33.670218025372904
143221,81.07209183488854
143222,33.82992517303634
143223,22.968179257984346
143224,26.160811178579728
143225,21.72824555167311
143226,35.44495262618799
143232,66.01116272880098
143231,27.504380617934665
143230,22.534945042221068
143229,23.52802747162349
143228,20.054675193212613
143227,34.4950110431981
143233,31.7621706781377
143234,4.001427079981944
143235,2.5029578552111253
143236,18.37294436677583
143237,5.296901480125659
143238,10.433392928282377
143243,7.8371791243795705
143242,-0.2327283206565145
143244,3.688811540740681
143240,14.707104225903361
143239,0.9583170278914155
143241,1.3516586178278471
143245,5.08009053508423
143246,-1.1754728633587224
143247,-0.8320946683624646
143248,11.675651249046883
143249,-3.267166024418284
143250,-0.2646966605439687
143256,0.8016208782865935
143255,-4.65482752879717
143254,2.8188046086911895
143253,11.973478365913607
143252,1.3288893309091172
143251,-0.9726799352752842
143257,-2.9849250443500877
143258,-6.361919523955391
143259,3.371139134986423
143260,12.902694251180513
143261,1.0776561044388115
143262,-5.7836156869677
143267,-8.21564877744693
143266,-8.148535663791165
143268,3.747225995406332
143264,14.317642025122206
143263,-3.5955780062581564
143265,-7.329465525232162
143269,-7.116940591109572
143270,-9.84468726975264
143271,4.229327431419629
143272,15.133966498339316
143273,1.6219747521272287
143274,-9.133627097329299
143279,-6.148317562704962
143278,-5.67915523266014
143280,5.741550710800034
143276,15.296465378906351
143275,11.584042325453744
143277,-5.185940844006091
143285,20.74773013868454
143284,18.69966668098499
143286,22.206960485386915
143282,23.669270154766227
143281,35.17210119874666
143283,19.3092318032909
143287,67.99565613882663
143288,34.083687432125714
143289,38.30261899361872
143290,35.06265209328426
143291,42.91082766915954
143292,35.785609798524916
143298,57.915268923437985
143296,27.914703551704477
143297,30.23402137288543
143294,28.797361002512908
143293,37.4323085914852
143295,28.131167164417068
143299,22.00311196163981
143300,11.890202166335115
143301,21.434172488129946
143302,26.149310564147918
143303,28.9338240600944
143304,16.773659768079582
143310,10.413795173219711
143309,11.146463610452617
143308,20.87197027165134
143307,18.273425013108554
143306,17.64176302296476
143305,10.050783449135794
143311,2.5356317999622044
143312,5.405572177579978
143313,14.002103766147243
143314,8.952870443906356
143315,7.841777331103609
143316,8.29813010016776
143322,-2.0097445626684953
143321,1.9615485982635539
143320,11.88340899188541
143319,7.134784247069306
143318,1.5305321208477043
143317,4.076916734372169
143323,1.6548996063964063
143324,1.0504084852611646
143325,9.507319055233491
143326,9.256782243061949
143327,-1.7032783524205284
143328,1.063268561325347
143334,18.649224991332314
143333,6.102874604829793
143332,6.992956505797599
143331,0.5072307918477099
143330,0.7914651137667805
143329,5.1051119479684495
143335,30.727526197199168
143336,4.849729862086221
143337,5.786501678612928
143338,1.1566590018637166
143339,1.3915467520937748
143340,9.131101403141027
143345,40.225807089562764
143344,9.911503709176039
143346,12.676496753518936
143342,1.569463606149669
143341,8.264407400707421
143343,10.880565646753489
143347,50.957725028607356
143348,10.459910125828971
143349,8.859052908671886
143350,5.007926694751076
143351,4.311850025535302
143352,18.119035589254803
143358,37.58979574639453
143357,13.012118686939186
143356,13.101902753040433
143355,4.605888184800491
143354,5.244717380614797
143353,20.54134634264684
143359,36.85692029819957
143360,11.193355506575966
143361,11.788617363136932
143362,12.911917356746653
143363,10.215270572034148
143364,14.373171138524045
143369,19.494528632480424
143368,21.00360450348648
143370,16.05309785686168
143366,12.46619127775556
143365,14.214721484676076
143367,16.719927752823352
143371,9.87185162885222
143372,13.374948931698052
143373,13.062012353050434
143374,17.5529918268804
143375,14.127037025281412
143376,15.334600855256678
143381,-29.213158816052776
143380,-4.985215174606567
143382,-0.6694519787831636
143378,6.029474356743821
143377,0.05430814898258607
143379,-8.244855898497976
143387,-23.422968981487237
143386,-17.503452852806475
143388,-8.751646329395815
143384,6.933052862412585
143383,-4.562494351511928
143385,-20.15329550178713
143389,-16.131486583248112
143390,-16.98132685481785
143391,-7.84897743078219
143392,9.039265462920062
143393,-4.109856888733999
143394,-18.059058799650657
143400,-14.364014224992394
143398,-13.281198513394294
143399,-2.7101865954899518
143396,11.841528648658432
143395,4.568511607014237
143397,-15.448815982727847
143401,-8.745563358337115
143402,-9.235505063169565
143403,0.7357497126108496
143404,14.820956140789962
143405,8.35769427650369
143406,-7.735010481156192
143412,-4.822130449646096
143411,-4.56017591050928
143410,8.067222399059606
143409,16.3112614664017
143408,15.640480887693759
143407,-2.9496374473386844
143413,2.034969139150677
143414,0.9418261338145832
143415,10.034335220473146
143416,22.22666216513584
143417,21.428049545421825
143418,0.7635723386659556
143423,7.969753954638181
143422,10.995395251548569
143424,19.704071988077608
143420,27.057827737633886
143419,30.773250341344298
143421,8.349142305525362
143425,36.442378881210736
143426,42.93241092065797
143427,38.09010561418653
143428,37.39746926844039
143429,52.49442266248634
143430,41.61507243325373
143435,79.6363760426793
143434,61.221055487785826
143436,52.97775429571261
143432,48.799263548644596
143431,64.70470087354275
143433,58.75299349846784
143441,77.94549974068765
143440,56.51465823145859
143442,49.648339053564655
143438,44.37561016996613
143437,52.93911892665355
143439,54.482457716253215
143443,74.91857582827012
143444,51.295681967503036
143445,35.174579180466
143446,32.874685266337366
143447,46.52456146849238
143448,54.445293162543905
143454,65.3407520532802
143453,42.89297457994614
143452,32.30396000204493
143450,28.302025674530082
143449,41.37535039789393
143451,42.67596042835919
143455,57.026067421800406
143456,40.64944407085524
143457,31.312053561715906
143458,18.489637983331704
143459,21.692981781179007
143460,40.90659835210337
143466,60.4596336703731
143465,30.240600480942014
143464,28.326725494663833
143463,21.015438932474893
143461,22.17086561227302
143462,36.43481449224521
143467,50.41148772352301
143468,30.945879985363106
143469,26.75802732851622
143470,21.885193536841378
143471,18.76949900635667
143472,32.554142666665236
143478,46.27391390888318
143476,21.913268314274966
143477,28.231996183449482
143474,23.185335239580276
143473,15.687943950597266
143475,26.465979684347598
143479,44.615714909648105
143480,25.17009046348668
143481,34.479127505780575
143482,22.425046502594228
143483,15.692325046281528
143484,29.676199609129828
143490,49.20704580477374
143488,25.265586972211853
143489,23.177144669177316
143486,23.672941964958987
143485,21.218478289984084
143487,25.571479506823643
143491,53.03214537337
143492,25.42442775832296
143493,20.199248965600177
143494,22.64337174856238
143495,22.698449233979886
143496,28.636960399864485
143501,54.6167092113671
143497,25.9542020838162
143498,22.476855196239136
143499,19.95724807154906
143500,26.440374944489406
143502,26.020599769548983
143507,57.09850277913282
143508,32.574326193442296
143506,24.967399045446648
143504,26.167282672445978
143505,26.80878442886803
143503,29.528480201842108
143509,49.092139865280274
143510,33.58583690321054
143511,22.07175725694261
143512,32.21273846876096
143513,34.75744414347618
143514,32.41103467732546
143520,29.646063594907073
143519,29.488359942438546
143518,23.811436873881135
143517,24.12235922407553
143516,26.86127859700086
143515,26.17422366504257
143521,-16.89467391699296
143522,3.7367614460426104
143523,3.6939604760524682
143524,14.979520296063855
143525,0.7194027418556308
143526,0.1402636391001746
143531,-29.05781512514576
143530,-18.204164494773657
143532,0.821416065932814
143528,13.381735605398909
143527,-8.773905693265508
143529,-13.37610368477673
143533,-22.995813706466556
143534,-11.5463859668472
143535,2.269759091282652
143536,15.833909226010775
143537,-3.8924661542308217
143538,-9.807970269277527
143543,-17.911915055890614
143542,-10.316588894659205
143544,7.203240823686006
143540,18.69704839897679
143539,1.8718706104629792
143541,-8.990727793278623
143549,-10.910432562438341
143548,-9.806777969049497
143550,9.809583559805548
143546,20.558327024912977
143545,5.711544533790577
143547,-6.994789468372307
143551,-4.588335637962947
143552,-10.79454410237837
143553,8.294884429426324
143554,19.062511964681082
143555,-1.9199787393908867
143556,-9.177605182702582
143561,-10.316730056489721
143562,-12.617950302404697
143560,11.489571478832271
143558,20.82861243075669
143559,1.0263939741080108
143557,-5.411470634280059
143563,-5.943513109502815
143564,-13.107736725493481
143565,13.7546761548325
143566,21.97025098121889
143567,18.284657598266186
143568,-10.708414966480248
143572,18.345794540681247
143574,8.433383636932831
143573,32.10387760559669
143571,33.220524826147724
143570,37.18793277966772
143569,16.349307008075016
143575,60.81727179147315
143576,22.782074093796457
143577,44.24905086982205
143578,45.55236711332584
143579,56.311599449795
143580,23.584267543921648
143585,64.37567383313686
143584,24.935181207907732
143586,34.5651220198225
143583,43.931535814381064
143581,46.84940324974599
143582,17.462945467268604
143587,41.38504540641698
143588,8.84945990829359
143589,36.022589274527355
143590,43.10395075749063
143591,35.699581075086144
143592,8.8350345337254
143598,-8.69612276051264
143597,13.327713947913853
143596,30.3648633059232
143595,34.44739989224125
143593,24.431732569991496
143594,4.922038812192904
143599,3.717335202517104
143600,5.091174142353697
143601,25.229061916217756
143602,28.658550334640687
143603,30.77702309294883
143604,4.236612129799893
143610,6.766625082287747
143609,2.973913043850203
143608,20.573410899673362
143606,18.587380743964907
143605,19.206270933688543
143607,6.565236258937434
143616,3.4099790931273124
143615,1.8609582972550864
143614,14.668722290859819
143611,11.619170211889621
143612,20.8969842228478
143613,3.0187332405074816
143617,0.47639551363286525
143618,-7.157601730425791
143619,12.94518654824274
143620,11.840073754293272
143621,11.539354888090532
143622,-7.088417106294378
143628,4.2354074650389615
143627,-4.576016268962875
143626,14.61440748152066
143624,10.853852829925213
143623,3.9110072318473694
143625,-2.609082472202111
143629,3.945716359368518
143630,-4.235221588086127
143631,8.853467241937903
143632,21.12725010628956
143633,12.789535092570919
143634,-3.616245943557812
143640,5.142653247939311
143639,3.1966620501282623
143638,12.075503446964854
143637,6.6163404331574265
143636,16.89424090296404
143635,-3.9277587160494107
143641,6.701110604107864
143642,-3.00281841114053
143643,-2.658704251735376
143644,14.614777463544257
143645,17.288135680131045
143646,-1.3356824373390923
143652,4.917337470678127
143651,-1.317164481670419
143650,3.5854908243057224
143649,-0.764718782440454
143648,2.3643167360917268
143647,-4.361962494605817
143653,4.266767394121129
143654,-0.9221218969858063
143655,-4.692478457304656
143656,5.729785508019373
143657,-11.964372627605957
143658,-2.820347045446235
143663,-13.301700773281539
143664,-9.829456151530163
143662,-4.517992105798969
143660,-8.20554454366454
143661,-18.714390815037664
143659,-8.01287316053115
143665,-53.3232357074981
143666,-35.91004951558203
143667,-29.873781313617158
143668,-28.55652271559517
143669,-48.97448042819169
143670,-36.765119266282504
143674,-67.25399190491946
143676,-60.34701717251983
143675,-43.170111570587615
143673,-40.90643897622398
143672,-53.989336310485214
143671,-58.867901904202114
143677,-64.73372726231953
143678,-66.87414981498318
143679,-55.72501041801162
143680,-35.785012002323356
143681,-60.53575840052365
143682,-68.09308456459223
143687,-61.3278638506265
143686,-65.14905119161469
143688,-47.40395217235692
143685,-39.940270530996095
143683,-60.46673763426729
143684,-65.26005519994199
143689,-57.54115644007302
143690,-62.23462155560286
143691,-50.659945238991426
143692,-30.587292158718117
143693,-56.374603288307746
143694,-63.00698766737463
143700,-56.74713469544124
143699,-56.87986906744044
143698,-41.41727264776002
143696,-25.395379930921035
143695,-52.706683034887455
143697,-62.69490580289384
143701,-50.95080270305682
143702,-59.013531946329465
143703,-43.204722469202274
143704,-17.990899593330003
143705,-54.12585970764082
143706,-60.86921055305638
143711,-48.22643170421336
143712,-51.17685773342891
143710,-35.09064516234225
143709,-27.383849077395737
143708,-46.27811092497427
143707,-50.74139410072056
143717,-18.80581223402973
143718,-15.718526599131769
143716,-9.80023980638385
143713,-0.6625984382923527
143714,-12.934250556192518
143715,-19.77791909784686
143719,35.7981988731542
143720,11.368204488733177
143721,12.50189944794167
143722,12.595113002108008
143723,10.453430872157746
143724,12.387839128965826
143730,43.257107660715405
143729,10.607181325758132
143728,20.110609120386833
143727,19.679578975939286
143726,16.43592232142597
143725,13.757349878255202
143731,39.75779984309821
143732,9.486760546567417
143733,16.919972237057763
143734,21.111014377392245
143735,15.53354208821784
143736,9.65059754233514
143742,33.709441053946065
143741,9.10228934411101
143740,18.142580294395884
143738,18.836004161132394
143737,16.442015067872944
143739,3.323017752982347
143743,29.784263289448404
143744,7.042289373708256
143745,17.149716334258493
143746,13.520530372706993
143747,14.036141229214167
143748,9.4736406329173
143751,28.16585070080974
143754,12.58361531585317
143753,18.285755138122244
143750,14.479095085320893
143749,6.197243376691563
143752,8.758015641410047
143759,35.464910982012285
143755,17.537292528219755
143756,21.450913130206825
143757,7.242535914209991
143758,-2.386980313703577
143760,19.344930237191868
143765,41.337038254455315
143766,25.518978450626147
143764,13.832508489898078
143763,5.103446792393948
143762,-0.4953492085904312
143761,22.64333541189849
143767,47.56192870985217
143768,34.90201807375732
143769,13.94090608536121
143770,0.9828180426622417
143771,-8.042592634389404
143772,26.073039213879227
143778,56.94922518105667
143777,26.613432992079492
143776,15.62441775403487
143774,10.993713226575307
143773,-0.22271048054270004
143775,30.083908691432377
143779,50.590298660083114
143780,41.754397868375776
143781,18.10218909791352
143782,9.40866373995813
143783,-3.778878223218774
143784,41.33930634082256
143789,48.8526716917865
143790,43.00385663264949
143788,19.151177231837202
143787,12.54514955933699
143786,4.58418942257525
143785,38.92855152989302
143791,54.0462033439226
143792,43.57060940843162
143793,22.06808414671741
143794,27.52566432695165
143795,19.60181756482285
143796,38.26360527380432
143802,61.017496149827295
143801,38.8636279913992
143800,24.925023950350788
143799,26.473930851871856
143798,22.705699461060703
143797,35.230560621172586
143803,41.81682432805113
143804,29.22169500469353
143805,17.62657757385161
143806,21.45300599447021
143807,12.90656966616553
143808,25.098289714847844
143813,-12.483207704486006
143812,-14.899419449996271
143814,-3.730475703873001
143810,11.469983130588236
143809,-9.066355693995984
143811,-15.028468315393969
143815,-20.6473531604127
143816,-25.709864790739587
143817,-20.025714436748203
143818,2.4772506587219896
143819,-27.48515245041852
143820,-23.42336165005385
143826,-18.56745812941927
143825,-25.430945900409306
143824,-21.39378619390596
143823,1.4472600619798728
143822,-24.04499476862201
143821,-22.392843515236688
143827,-20.054335681129395
143828,-21.404131603544293
143829,-20.85515266154839
143830,0.2496479655047441
143831,-25.451696938441295
143832,-20.402126605494825
143838,-19.230259194327523
143837,-23.514298124992052
143836,-18.56577224480504
143835,0.05846528459700995
143834,-22.02300394601472
143833,-20.068658499819133
143839,-20.335956434640853
143840,-24.518629167960803
143841,-20.277906075436256
143842,-0.019210347173677533
143843,-26.112939039259714
143844,-23.51741356551397
143850,-21.892739308833903
143849,-30.4915918693843
143848,-20.743875553519565
143847,-0.16669148085449859
143846,-25.192903471581793
143845,-26.639533241485857
143851,-20.8020585574423
143852,-23.658438546473885
143853,-15.711724973803321
143854,1.471079909109716
143855,-21.705843020429228
143856,-22.349979837546492
143861,3.379723491868601
143860,8.575579431258447
143862,9.138927744118687
143858,14.883639879981082
143857,7.738435676288303
143859,10.801600131294748
143863,53.018142143301475
143864,34.477435716623404
143865,29.37979857133963
143866,30.813309851359627
143867,25.44584636172648
143868,35.48254781593512
143874,48.81490654480203
143873,27.52193931107448
143872,28.090508076323438
143871,32.03473120349948
143870,21.645005467960942
143869,29.192143699528167
143875,34.339555892186766
143876,16.39061316999679
143877,24.784388282480755
143878,28.328757534736717
143879,17.603055606790132
143880,19.28682760664652
143885,17.68405486954029
143884,12.82252599200088
143886,16.234805021005105
143882,21.962336121529148
143881,10.99319388461737
143883,14.338054560618945
143887,6.473098742036503
143888,5.726931491450767
143889,16.304808461685777
143890,21.77511645842808
143891,11.611530387446004
143892,7.965268912727639
143897,9.046696587276134
143896,7.4085512379238185
143898,9.559824454248414
143894,13.756305632217273
143893,2.7957036008760596
143895,9.137781685018528
143903,8.53248144292879
143902,6.031950827374327
143904,8.588655327784766
143900,11.36881402345887
143899,0.6135351042018211
143901,6.780358375817411
143905,5.692290363158512
143906,-1.9799648996850712
143907,6.404770880940664
143908,4.429106318701399
143909,-8.460103122478708
143910,-0.15629388365746877
143916,6.650346485199204
143915,-0.7619402578728574
143914,5.877904858301656
143912,2.283028051934685
143911,-10.118766826270544
143913,4.765126035133218
143922,8.728345627859273
143921,2.5194997347870745
143920,7.16290345624991
143917,4.605678135101059
143918,-9.054898310956695
143919,4.617156904137659
143923,12.360814109809354
143924,0.9307933937351658
143925,6.724132541648613
143926,9.563493990371732
143927,-4.671844656774625
143928,1.5705481823411898
143934,10.46580950321561
143933,4.758585532986694
143932,8.426918452064841
143930,4.685464795275332
143929,-5.7889660864946775
143931,7.63376166267019
143935,13.494526465720622
143936,3.8693625101678855
143937,9.990660637793336
143938,12.173993356543194
143939,-1.3559963108256063
143940,4.6071195994934975
143945,17.017713944548326
143946,6.059212227220227
143944,12.176278986884462
143943,17.48277791798406
143942,0.4783906657737047
143941,10.004884628258479
143947,-7.895505230054552
143948,2.4254472112007317
143949,6.100248714200877
143950,24.15993219939372
143951,7.195996966355954
143952,3.727771965265007
143958,-57.42566291480753
143957,-23.01728929519232
143956,-12.336166812016629
143955,7.705021518197197
143954,-20.430785527191258
143953,-25.62192256884618
143959,-45.79396973047955
143960,-45.39848889403487
143961,-17.312638985137816
143962,6.828116077772864
143963,-29.926188239635852
143964,-45.47015620628722
143969,-44.79500292064977
143968,-43.53254680118717
143970,-23.252392378598934
143966,-5.828240012705784
143965,-34.15340521635046
143967,-42.407552790436526
143971,-44.94099917774053
143972,-46.24682528803286
143973,-23.595222653255213
143974,-4.485433242998457
143975,-33.34671065706151
143976,-45.50771588526621
143982,-48.66996445587347
143981,-44.03685747760542
143980,-24.914258505385128
143979,-10.75374749152734
143978,-34.405665561658914
143977,-42.981235059837545
143983,-48.393449498420395
143984,-49.76792623649362
143985,-28.54377088728512
143986,-11.620040374780384
143987,-34.10506544533697
143988,-49.034778659489255
143993,-52.17159096917805
143992,-50.60022345186658
143994,-31.161598643315088
143990,-18.0059447729533
143989,-35.90094789940067
143991,-51.30890712326841
143995,-51.16603187683975
143996,-46.239741219954425
143997,-27.00026444771204
143998,-13.37914340041202
143999,-32.96753852641835
144000,-46.35035453885828
144005,-25.91473392610836
144004,-10.373124352321126
144006,-4.790115625665945
144002,-3.5936122938320842
144001,-12.967505877648888
144003,-11.548412181266611
144011,19.690026312349104
144010,13.866466937889355
144012,16.0054172916426
144008,14.45610541820322
144007,7.852228934183438
144009,11.307297000285303
144013,17.90445944197361
144014,11.037484892175781
144015,13.290729873872262
144016,12.316140837296755
144017,2.8225983105967547
144018,12.988338523591729
144024,9.939506773435951
144023,4.939452554456698
144022,9.8312068256031
144021,8.193227586480285
144020,-3.8042197943173104
144019,8.550404223686588
144025,9.352820512579154
144026,-0.1817384416566421
144027,7.336754067689495
144028,0.2925940677136891
144029,-11.696246171414707
144030,1.5889603973909097
144036,4.328632370404408
144035,-6.068928590367419
144034,6.689956349136626
144033,-1.7401459122035732
144032,-15.553166110878749
144031,-0.793662857506872
144037,2.991359078419853
144038,-5.222078572139753
144039,5.180539457943499
144040,-1.56545147695034
144041,-18.757857789704335
144042,-4.979679382944255
144048,2.267545401315088
144047,-10.197878341032977
144045,5.01571388211708
144044,-0.16013703743218066
144043,-14.708464047524636
144046,-5.281405009073365
144049,15.249588588366692
144050,-6.582343931939598
144051,1.5156291255289212
144052,-3.39983724369736
144053,-18.272567873559247
144054,-4.276856052661335
144056,17.069283149510117
144055,-1.9628297850904168
144057,2.7568930707380943
144058,-2.268049771730462
144059,-14.750279703660675
144060,-3.452827987549867
144064,20.043240682539796
144063,1.7855989981743408
144065,5.115134075695407
144061,-0.12371666347180277
144062,-7.467361113004874
144066,3.965596029148779
144072,27.29902583820242
144070,13.632426244838122
144071,8.735919508546612
144068,5.058000394079762
144067,-3.9539260454506984
144069,4.3607551776839
144073,32.692444348925655
144074,21.44619559391076
144075,11.015252407312829
144076,4.572397962500953
144077,-0.9806323858507131
144078,18.723410308685832
144084,42.80764578132778
144083,16.964677501196025
144082,16.295977248155122
144081,5.495495980615233
144079,7.129358023780384
144080,23.213169673240063
144085,52.34965352285024
144086,23.150994146931183
144087,17.283237783323592
144088,11.830205254698607
144089,8.59898265169809
144090,25.70535852456205
144096,42.32612557364313
144094,21.636705839050347
144095,16.61732063596299
144092,12.047054002633274
144091,12.906938144855824
144093,20.698869305615577
144097,5.949823952505246
144098,3.4390797848972054
144099,-0.08030997982860377
144100,2.6558077701748815
144101,-1.0202799918430623
144102,7.024825777111711
144108,-2.1101425494623802
144106,-6.319023357150021
144107,-3.714823330915194
144104,3.5760453817299247
144103,-1.1468943842553436
144105,-8.930095455827775
144109,7.3353648565990675
144110,-8.857311006525984
144111,-8.28510272683603
144112,0.46157557531471394
144113,-4.884499954187584
144114,-7.737719765649082
144119,-0.16884818728668982
144115,-6.400671053822876
144116,-6.31525495470235
144117,-0.7327319673219908
144118,-2.444116910545489
144120,-7.063970779948025
144125,3.4678736459214567
144126,-9.404703652866331
144124,-7.273060638475202
144121,5.687488800337958
144122,0.967419900061695
144123,-14.523886575955324
144127,17.151204667328155
144128,-8.914992935639328
144129,-6.901215872850282
144130,2.9250792434314787
144131,-1.8944878806923722
144132,-10.4520674738338
144138,14.035028575191788
144137,-10.748644784370331
144136,-3.844168156040424
144133,11.860999394910822
144134,4.171699188444075
144135,-10.16812685057931
144143,10.322518968427582
144144,1.5200982659558253
144142,0.34973692739534457
144139,14.160086898346613
144140,8.653584674292132
144141,-2.2292818641493994
144145,42.01139185744542
144146,28.962844063213083
144147,18.127612095229857
144148,18.890077051406916
144149,25.992666439238512
144150,30.594951242741082
144155,71.41008271624939
144156,43.166224640976324
144154,30.695193210414324
144151,35.77350779571235
144152,38.04809045334041
144153,39.05356259630704
144157,68.85137616071259
144158,37.964541537107635
144159,30.210193225255075
144160,26.108731429812785
144161,26.25683192047086
144162,38.0586417624898
144168,61.35820557816059
144167,24.836513152415243
144166,26.139387982255847
144164,23.62030070323951
144163,21.154629639141085
144165,28.596987641820274
144169,42.00772858280065
144170,23.55869843530425
144171,23.870284485408067
144172,14.710171068258562
144173,3.9990160461159974
144174,29.444571986695777
144179,26.68332034634734
144180,17.057429805084197
144178,19.564422236196513
144175,16.072904626675644
144176,8.277340871020577
144177,19.59011618139536
144181,19.204267550241326
144182,12.575575706596865
144183,18.244869654303812
144184,9.19695908024761
144185,-2.146635976825145
144186,9.4738880556954
144192,17.212177495077018
144191,6.451270647514902
144190,14.249645262861389
144188,11.752655636021135
144187,1.5508807015346289
144189,10.397238654517388
144193,15.782259242213547
144194,18.08056779362706
144195,3.4689880026349824
144196,-3.273565073909198
144197,-13.260940557000945
144198,9.62572740147894
144204,19.969206644507402
144203,11.264975526816308
144202,4.754357862208384
144200,2.9913925889902693
144199,-8.425750707302015
144201,3.25353142983312
144205,18.40492531946441
144206,23.549061807292546
144207,3.583389354549942
144208,-1.686783542640299
144209,-8.786754962051836
144210,6.764074386040737
144216,22.689592478559938
144215,17.682500581025124
144214,5.953672181962315
144213,-1.12884500536601
144211,-5.04980758819642
144212,14.008489436741206
144217,22.477326590379725
144218,30.822387838678218
144219,5.808911430865659
144220,1.4471845566428012
144221,-6.441857472951182
144222,18.274751394194187
144227,24.005979734691678
144228,26.198423375018123
144226,9.0462146240835
144223,4.800640524918159
144224,2.5629514991432227
144225,13.497581472618691
144229,27.19791094832828
144230,24.278094526581874
144231,10.687513019339516
144232,7.742410523493865
144233,-1.484610973662753
144234,19.236093915914303
144240,20.126835061599508
144239,11.569995398464762
144238,11.611683170053805
144236,9.518551908838191
144235,1.5208750004764173
144237,18.494495160780055
144241,-22.39015749688649
144242,-3.6907010816623282
144243,-3.766920225656497
144244,2.1159734715599416
144245,-13.792618626840813
144246,-0.503023726113903
144252,-27.314768409902555
144251,-15.06391812368699
144250,-5.208353477576984
144249,-0.015603729930495192
144248,-12.079925917694554
144247,-11.763405966975032
144253,-12.241129564733109
144254,-6.961857241472839
144255,-10.941516090759322
144256,-6.032097786881156
144257,-15.437160984708234
144258,-9.080786782742496
144264,-11.943103666894768
144263,-10.351351192212748
144262,-10.63639121761901
144261,-3.282829279343243
144260,-7.256901017753149
144259,-7.108785773648774
144265,-8.858079453915575
144266,-6.759948039002138
144267,-5.492803655101903
144268,-2.0002891835782055
144269,-6.210094414563964
144270,-6.659336671078431
144275,-10.652172998049629
144276,-8.88109131730155
144274,-4.700285213224641
144272,4.295199307008744
144273,-2.6411799848791677
144271,-5.128240821887049
144277,-0.7825797693860341
144278,-3.809236015788562
144279,-1.0805381192154373
144280,3.4332308256679687
144281,1.1498823395791282
144282,-7.961874583435422
144286,0.16783618780743126
144288,4.105919193959749
144287,4.44372733350109
144285,8.14415987083073
144284,10.521367713532687
144283,7.6593795375969105
144289,29.914243508737176
144290,26.78478903846988
144291,18.759469284820995
144292,17.53512568158182
144293,26.007867182167253
144294,27.028756127109006
144299,60.71157435357717
144298,34.43770983161971
144300,31.485125589433526
144297,25.88181262828334
144295,39.522309387872525
144296,35.92678500657568
144301,41.70669154049804
144302,29.710135092794708
144303,24.879849266589616
144304,26.875404043842458
144305,22.366632160644663
144306,26.99645781089594
144312,17.860265335581115
144311,14.913646549714377
144310,21.069897009776952
144308,18.741856692159523
144307,16.30299401063801
144309,14.339408498649707
144313,12.973860554649278
144314,6.988265559237368
144315,14.672525260446925
144316,6.384169436433372
144317,8.424692783424195
144318,8.370518644331085
144323,1.7512361957067553
144324,5.108473600385967
144322,11.358127524734694
144321,5.5054077627330775
144320,-5.929711448713296
144319,6.319557284376964
144329,-0.3652137749005062
144330,-5.333436598690887
144328,9.565685340253033
144325,4.525822693373005
144326,-9.08298270981513
144327,-0.5179140356313043
144331,-1.3478273880696428
144332,-7.316760470534765
144333,8.257713318744871
144334,5.23826662185606
144335,-9.630925215077324
144336,-5.186068905708883
144342,-0.2811783806282664
144341,-3.174046116207567
144340,2.0229404943998883
144339,-2.758554501625566
144338,-13.704383816271218
144337,-1.120398854066563
144343,0.13792165534223244
144344,-3.08950508387119
144345,0.5484527277927214
144346,-0.6766464491503763
144347,-15.128191475197106
144348,-4.485157875655247
144354,0.8769115133932139
144353,-3.905587743870927
144352,2.3852776225836267
144350,-3.2783175833477856
144349,-12.010522926494188
144351,-4.078767687683262
144355,6.181622449268746
144356,-3.885982418000717
144357,1.5136564432193813
144358,2.1366200145485097
144359,-9.001078571376368
144360,-6.283790780471849
144363,10.323475506450189
144366,-0.9464905289948446
144365,3.65922212056412
144362,1.1021777231650232
144361,-3.2635421819777966
144364,-0.40429366786275267
144371,14.566921892873477
144367,7.080320502738792
144368,7.875219447932187
144369,4.284893141969152
144370,0.3179678281204481
144372,0.4239422840357747
144377,19.741264620190282
144378,9.368848921871894
144376,10.807776804335269
144375,8.06955883090007
144374,3.389930586460518
144373,7.756367834346867
144379,20.022066922379963
144380,20.62349663368959
144381,11.120771982348824
144382,9.101235546178238
144383,2.82368427096422
144384,9.9039999584419
144390,-15.637279556635665
144389,-0.7519623892606084
144388,-0.052753133993088674
144386,4.858364234810885
144385,-2.9595251745847246
144387,-5.382611264925764
144391,-17.818213046951115
144392,-7.81734862714256
144393,-2.7131273234812276
144394,-0.1948373115274613
144395,-10.40575205899328
144396,-7.035719898664499
144401,-8.510749438946302
144402,-0.7386989684081797
144400,-7.342507403201352
144399,-2.913737279043098
144398,-10.326321768748235
144397,-3.7168627644405516
144403,0.8552548209193693
144404,0.9153451657936902
144405,-4.306205672383085
144406,0.6838259401987692
144407,-4.841947003665621
144408,3.2932435301281258
144414,8.147233318937813
144413,2.6295995908132355
144412,1.1175139586472636
144411,6.8000589368865
144410,6.771565199406719
144409,4.0970643072984805
144415,10.78847102416816
144416,6.4704364149113545
144417,4.5551014920744635
144418,8.528683597826975
144419,5.359892710899259
144420,6.3928657791997185
144425,3.783964884897423
144424,3.0462059949538327
144426,9.672840674130468
144422,15.176381886928525
144421,11.659396103968463
144423,1.7958731764964515
144427,11.500737845312907
144428,14.649185568253463
144429,6.92154704511673
144430,12.260596680325097
144431,11.863016762896443
144432,13.24146518031241
144438,34.68097483871456
144437,31.41029879646647
144436,22.302044995135994
144435,20.71021777334813
144434,35.14864628779931
144433,33.297247998580836
144439,62.077387378228366
144440,47.81608147088302
144441,31.862700368305433
144442,29.57884235009
144443,38.11293141990295
144444,47.83808985425264
144450,45.26979328110666
144449,35.600070183796035
144448,26.541729945331607
144447,23.6953211485147
144446,35.20779057113033
144445,37.70230750661831
144451,20.418831896244452
144452,28.53049859869851
144453,17.576644084107166
144454,19.470653841318445
144455,16.40984028842737
144456,32.30405140980891
144462,15.663914447780478
144461,16.272966515825146
144460,12.34246530058737
144459,6.246519084188136
144458,18.955640890979186
144457,12.139646319338311
144463,3.662352251396335
144464,12.510936651314038
144465,11.238966250659264
144466,3.015994750715712
144467,-1.8003372345975839
144468,10.35264227484869
144473,-4.442382872669544
144472,-1.55168206637354
144474,8.444598026878026
144470,3.4560226611078075
144469,-7.310352323677104
144471,1.2550149532621848
144475,-9.45956301233825
144476,-1.9074373534166371
144477,6.497309721223157
144478,2.601111216264756
144479,-9.700339324118776
144480,-2.3117815390068985
144486,-11.857694419338133
144485,-8.941378724801325
144484,-1.007814989829141
144483,-1.0585902982849955
144482,-13.425122025130758
144481,-12.268267419727131
144487,-15.357155500708652
144488,-14.24332924068838
144489,-4.761207746770834
144490,0.43812399357609433
144491,-16.505506793879384
144492,-14.300851052996103
144497,-9.300418399195456
144496,-9.49704934786697
144498,-5.724666589511994
144494,-2.4558746230400086
144493,-13.560635235575301
144495,-11.51204825738733
144499,-7.720878585907274
144500,-11.992038508349252
144501,-3.608286310186827
144502,3.8763237919209335
144503,-10.7041546475395
144504,-12.06319233226973
144509,-2.57370647623957
144508,-5.023511156710801
144510,-2.9946421015794833
144506,1.491529322211826
144505,-9.685951167017707
144507,-8.010527539911195
144515,-0.7317011350857365
144514,-1.5081404787116632
144516,-1.5325703373044544
144512,2.6487597108808885
144511,-6.650553721502778
144513,-5.431822566735
144517,0.13600056163909713
144518,-5.3687764657924335
144519,2.1211329696657577
144520,6.426331356829054
144521,-3.2938641462501206
144522,-6.3391249280223345
144527,0.09559557578745181
144526,-0.3642217717073315
144528,1.385669034820397
144524,2.149682244569437
144525,-3.6312754081997163
144523,-2.2637922191951905
144529,-32.86918269029771
144530,-21.30258882261521
144531,-11.997111165278318
144532,-1.7493123655143688
144533,-17.956385465084196
144534,-20.71535982527893
144538,-29.540357647459736
144535,-29.970512023739673
144536,-17.118907575718108
144537,-2.446448912928224
144539,-25.494741870444166
144540,-31.77421234870276
144546,-23.100508623087833
144545,-32.523283860113466
144544,-15.726822690087053
144541,-1.1351224660887924
144542,-19.336889518562216
144543,-30.788989536051233
144552,-20.614471851224078
144551,-26.63372254781909
144550,-11.80865598056751
144548,-0.19852073208219956
144547,-10.828025453621791
144549,-25.75549936197465
144558,-18.70620867359345
144557,-22.805064979196835
144556,-8.799769572245461
144553,5.9734623085779335
144554,-7.593279855067997
144555,-21.988875979909068
144559,-10.211551744654084
144560,-16.347999425906846
144561,-3.1451506241005465
144562,6.289210273697603
144563,-3.9663709824928235
144564,-16.06635795416038
144565,-4.121065389853619
144566,-10.557387619558604
144567,1.254366134604795
144568,9.24792514674819
144569,2.171144316984214
144570,-9.757795935874967
144575,0.5213579075742025
144574,-0.5812168328593037
144576,9.342588473041639
144572,16.616499531215133
144571,13.364344923055818
144573,-0.8736578730330642
144582,27.527094296126297
144581,29.7189433089353
144580,27.163290835897165
144577,29.541195516365683
144578,35.84717418250438
144579,29.502236023451815
144583,56.08822862221827
144584,45.22292642487838
144585,38.6096094321151
144586,36.41288187472536
144587,43.33117554999343
144588,39.75992381320688
144594,47.98335347448925
144593,30.387292711075016
144592,31.231413556318437
144590,33.80209786480821
144589,35.49924764367762
144591,40.13280356629295
144595,27.31092093269841
144596,25.052061651102413
144597,22.755064824685867
144598,26.86937647700733
144599,20.874495111356815
144600,20.952875896430637
144606,21.75373992812929
144605,13.928240576015588
144604,18.093286036826008
144602,17.736754849151563
144601,20.01667275686576
144603,11.71070736256073
144607,15.51133761961427
144608,9.213922647411287
144609,16.73977174634411
144610,11.963093264413391
144611,5.473272431354241
144612,10.938250381251892
144618,11.565195281612718
144617,3.9026191476063783
144616,16.375632184308998
144615,12.770193253656604
144613,4.520133251827644
144614,8.885786917404344
144619,8.805067889749218
144620,10.024497921936453
144621,15.769414261452996
144622,15.009244187519815
144623,3.2212047154437915
144624,11.067456703070643
144628,21.51188619390631
144629,10.785642740527276
144630,14.842657681144095
144627,9.720236308561574
144625,4.754700910667959
144626,11.335254136994058
144631,24.498333124557632
144632,13.56618079148678
144633,13.484324775859347
144634,11.55245023033382
144635,5.8792622624662325
144636,14.795733296388988
144642,28.23677504282288
144641,14.649242491541692
144640,15.8565890056598
144638,14.731320066306578
144637,9.588011724674779
144639,13.315983081339269
144643,31.44958084123529
144644,16.192623931302187
144645,14.103739974272553
144646,13.565925286109941
144647,8.927024435348105
144648,15.539760433593532
144653,32.74433694450014
144654,15.303260326324386
144652,17.36005046401094
144651,12.830784058482362
144650,12.57963569106879
144649,15.53248896161831
144655,46.23334278218717
144656,17.639669875969144
144657,17.321575980200294
144658,16.35446357297155
144659,13.164019773989619
144660,17.053437618568395
144666,49.628784280531804
144665,19.31963371109576
144664,21.526241157216873
144663,20.23552765860577
144662,18.820219617057326
144661,23.216359407228794
144667,24.670312391228716
144668,23.74381739289573
144669,16.09980688518682
144670,24.282910563684677
144671,17.424459494069566
144672,23.784505907875253
144677,-11.369487130497351
144676,4.490459899276886
144678,6.965665968487542
144674,15.614696720600303
144673,8.153154844819696
144675,0.05345661101213928
144679,-16.948426182568824
144680,-3.1072691426895602
144681,-0.15711144497928142
144682,15.84658206801227
144683,3.417784125455565
144684,-2.870692025571004
144690,-9.673219095557316
144689,-7.441121546093067
144688,2.3541546474713666
144687,15.986574962152488
144686,5.622351198260329
144685,-6.096751902771189
144691,-8.25486360279008
144692,-0.2763439007915416
144693,6.340687585956111
144694,17.68912096883728
144695,7.137039846117865
144696,-0.20472870490451456
144701,-5.960676784509752
144700,3.9567646808392425
144702,13.622725514660967
144698,22.07493380028316
144697,15.558876553390467
144699,5.229178386772363
144703,6.690946236888952
144704,10.008443929319592
144705,17.246402476837424
144706,24.52052403240267
144707,18.674026588585015
144708,12.72453234201495
144713,11.356519570128018
144712,14.74912447487304
144714,22.571514379288978
144710,27.95385186575451
144709,25.17390633209052
144711,15.578403497557673
144719,21.05369696977947
144718,23.77523952627071
144720,27.579502894728506
144716,28.74340077872675
144715,35.03203554821033
144717,25.5808583601913
144721,55.62761367149388
144722,52.91257554202997
144723,40.7058007270133
144724,36.54789401063053
144725,47.07534680863334
144726,53.5632703271486
144731,92.16384071793654
144730,62.27647447861948
144732,52.88918651244563
144728,45.26726966216418
144729,54.71528100776096
144727,66.4622088068485
144733,98.46389741218805
144734,59.85901808093076
144735,42.337469374611786
144736,38.33486247610525
144737,43.47631180690311
144738,60.69542121660386
144739,96.3335844565873
144740,50.84855357897762
144741,36.61120134453179
144742,24.79294023256397
144743,30.917243315788824
144744,55.09679594710508
144750,87.3361471654639
144749,38.40855223672753
144748,32.324964179749074
144745,32.483442313829016
144746,23.76998965941781
144747,46.57883516370505
144751,91.8932070586581
144752,43.29134396120786
144753,31.837534964962895
144754,21.01599496166471
144755,15.554094873534908
144756,51.575087946924704
144761,68.07263767534894
144762,29.140539250358078
144760,25.913428778427544
144757,29.12089480824143
144758,17.38380028101124
144759,35.28471480883753
144763,63.4353194271291
144764,21.89289519667651
144765,22.212464855401585
144766,16.443729919112503
144767,9.433663943492302
144768,27.077872110968386
144774,39.59979084576631
144773,19.77214269798265
144772,13.840213627284118
144770,13.79322506892498
144769,7.972954823718666
144771,25.336959876541368
144775,42.438038525066744
144776,31.443990631827788
144777,13.237657995074816
144778,9.849976892646062
144779,1.5641916455209852
144780,27.89066785530337
144785,39.551630657870874
144786,39.340315846895706
144784,11.674062850636815
144781,15.00702708557523
144782,11.529991337335574
144783,31.129111466376123
144787,37.635410535771044
144788,39.03784151923401
144789,10.72493775955585
144790,9.660694738672634
144791,4.574741323898102
144792,45.18406161607647
144798,40.262418294237385
144797,29.23735278580924
144796,11.888016534675348
144794,17.196623281585182
144793,10.638435930014165
144795,28.939233670390486
144799,47.36513561982035
144800,29.30690410870643
144801,12.095576502481808
144802,12.761350740893834
144803,10.850056317590106
144804,28.71227371215144
144810,32.676153379320766
144809,24.963115725684347
144808,15.745405552426975
144806,19.663182955801336
144805,15.418200420002318
144807,21.60070291617468
144811,24.503171314462854
144812,21.409236770065096
144813,13.569138976278348
144814,18.27406993602409
144815,15.701378627802644
144816,17.73292404461825
144822,-15.932945077340822
144821,11.692938711613596
144820,8.3384428815967
144819,13.077361513630969
144817,11.312928520107082
144818,6.400217383103012
144823,-22.24584637451494
144824,-6.883776781892551
144825,0.051932318006049805
144826,9.54233931634228
144827,7.922353437639489
144828,8.759207297126274
144833,-22.438541305996242
144834,5.763881719417692
144832,-1.182342562713548
144831,8.930267849340437
144830,9.687569505791771
144829,7.119356831227973
144835,-22.723473883747896
144836,6.921552860690995
144837,2.0393719872267813
144838,6.22328424738045
144839,9.195768281790235
144840,10.008509962828661
144846,-12.516340185705644
144845,5.493034682490848
144844,0.694883285117954
144841,7.516148683719467
144842,14.197443085885503
144843,9.076391881112091
144851,-9.830468720865648
144852,13.304476611529635
144850,6.168496556307713
144847,9.806805009897523
144848,17.854512774359605
144849,10.7827531177425
144853,-2.351919372933984
144854,14.134363595917407
144855,9.872606836341111
144856,8.35879747958974
144857,16.460467064412438
144858,14.706840790035592
144863,3.5226222068313264
144864,15.404306982627904
144862,10.197494342462011
144859,14.210487529808098
144860,22.718401442580827
144861,13.17397804113024
144865,41.491976788563605
144866,35.13701329924102
144867,23.8517808890533
144868,17.74414677265874
144869,34.747188359751696
144870,36.463045483790324
144876,80.28420843424729
144875,45.069549222083396
144874,34.55261063294448
144872,30.159926763015363
144871,49.09453449469089
144873,44.72050013984658
144877,92.9979513920325
144878,41.38482409331388
144879,32.46704563441067
144880,20.214740482655102
144881,37.292410629751764
144882,44.61601899622577
144887,70.3205572691215
144888,38.49110913678728
144886,27.326371750822794
144883,27.39389093311331
144884,21.332278261966337
144885,32.56445228499016
144889,79.1377209638275
144890,33.733069258978816
144891,25.4504548525992
144892,13.217853578712178
144893,9.995265413179455
144894,28.23139234109525
144900,62.407460890813276
144899,21.072356459473447
144898,21.76174899300317
144896,15.419004930190866
144895,20.485232138872018
144897,18.988019429826466
144901,63.36554175169524
144902,26.136416734475112
144903,20.067202345189227
144904,10.165108112540052
144905,3.671062146613041
144906,17.365944688484646
144912,38.36742733067464
144911,10.696484120156857
144910,17.184137655944966
144908,11.798749602284833
144907,10.683145746513379
144909,11.640131693308962
144913,50.46190730999116
144914,1.979834022424419
144915,9.947017782113209
144916,4.564528580406633
144917,-3.5311705244991485
144918,7.493312489563789
144924,39.0720422158431
144923,4.682172763380375
144922,9.077300926814956
144921,5.719665537039632
144919,5.877473908589069
144920,3.525742383651597
144925,41.15167679632672
144926,1.9800810632286896
144927,9.939859643397906
144928,6.218479223160118
144929,-2.345021328018129
144930,2.7357770989355226
144934,49.24676123519765
144935,8.177909672240833
144936,10.953813596183162
144933,10.369774628141487
144931,8.53335579020641
144932,8.342601529687201
144937,50.873454643472485
144938,11.464396902925822
144939,14.426876827163293
144940,11.547989041226883
144941,2.085459602249398
144942,7.107343478321391
144943,58.20109582572675
144944,13.791736668767612
144945,17.090974286477056
144946,14.036249539570232
144947,9.06368181974205
144948,10.133121714915303
144954,67.6410784675181
144953,18.019601449612644
144952,20.847289884936398
144950,18.005731000193396
144949,22.798744252593487
144951,19.256570266101384
144955,72.21185274226329
144956,17.047404353035574
144957,20.855437322977842
144958,18.055975310214677
144959,16.526532136981416
144960,15.658768986193634
144965,42.8835904217034
144966,8.093680678056913
144964,15.18335931881407
144962,13.492772608537802
144961,23.577646758170864
144963,7.1794474081397155
144967,33.83275585378281
144968,3.610016104746652
144969,9.963001188697696
144970,10.99614182354778
144971,14.310633304657607
144972,1.8728068838667928
144976,29.191762963022263
144978,13.099617367326552
144977,8.847565380385301
144974,14.695306552208695
144973,21.976289271807094
144975,14.694417178556254
144983,45.111903758358615
144979,19.148265882732037
144980,17.65301771825007
144981,15.754686646478401
144982,20.424316955325814
144984,19.693860526480112
144989,33.320437472755415
144990,21.717555254583857
144988,17.602464867883985
144986,22.554035802400982
144985,29.598992669214688
144987,18.246151627268446
144991,43.46121105467835
144992,28.887474294960185
144993,23.123039213786946
144994,20.162904068340943
144995,29.43087782694538
144996,30.418584090907924
145002,47.51372798159236
145001,32.22167820595739
145000,27.18805243213243
144998,28.967196136614106
144997,40.53451237996468
144999,32.771707442448545
145003,58.302251835632674
145004,47.14768407765551
145005,32.41718274281426
145006,26.43849152979278
145007,41.76002955121817
145008,46.602680922898394
145014,85.06616378217397
145013,58.87926369013905
145012,40.982057676375916
145010,38.83598799641539
145009,58.60783442891265
145011,58.40473070314114
145015,111.08724345912874
145016,61.675314714726156
145017,45.66579895386435
145018,40.356260137143224
145019,56.00671486050346
145020,62.10178752321862
145026,97.96272117730445
145025,47.1637562522757
145024,41.25152774526156
145023,30.998830839775067
145021,53.1358314738291
145022,48.71568267205543
145027,88.86161220863173
145028,39.56850487791374
145029,37.86654108598693
145030,26.157104792326518
145031,30.400136315349684
145032,39.85021612621419
145036,48.65293050647543
145037,27.60530916065568
145038,38.06384512188674
145035,25.327506848716588
145033,26.075563031018014
145034,34.42057916228168
145039,50.596631571101994
145040,25.284305936873047
145041,32.23897465862685
145042,21.256328459204404
145043,17.169610980440748
145044,28.820326743689368
145050,40.29251644502671
145049,15.666740715271349
145048,26.803617701372914
145046,21.72545210029846
145045,16.600514354516264
145047,20.226317055685033
145051,28.407002023556664
145052,15.2314944872577
145053,25.15773806029955
145054,18.078626088855422
145055,9.432590335868783
145056,15.05088516466119
145061,23.492430450152373
145062,8.846530188213158
145060,17.774567297243806
145059,14.08295789673651
145058,9.000475994149257
145057,10.520410762826206
145063,25.676737108258614
145064,7.005228531094726
145065,16.8804283189721
145066,14.343562926890922
145067,9.116899982038994
145068,9.081961891427213
145074,26.19308775506527
145073,10.214838097474507
145072,16.59100906088535
145071,13.789557306489787
145070,9.087182830013568
145069,10.694883020124273
145075,28.532269134120238
145076,18.064643403640808
145077,18.411334000933316
145078,14.917270246836573
145079,10.693147595586009
145080,13.250616666735583
145085,29.602730534369737
145084,18.890930821717845
145086,20.94506044710144
145082,18.932056916588007
145081,14.563785043842154
145083,17.730755608314297
145087,36.422821460870935
145088,23.897203879632304
145089,19.448134793241845
145090,17.341822339851202
145091,14.644615506914182
145092,28.69272681791769
145098,41.92799226871914
145097,27.123871271173634
145096,23.256745812527043
145095,21.35638334524362
145094,20.375290697761425
145093,29.57098653707668
145099,43.32339324192677
145100,34.570264427478776
145101,24.02809589284216
145102,21.26886956358659
145103,18.839242765821854
145104,29.103629917167414
145109,27.02715542058231
145108,22.801893050651874
145110,23.658451221816392
145106,19.34257267284091
145105,21.209508889591042
145107,22.859666506112994
145111,28.999938299435016
145112,32.98799307570221
145113,19.842179417106603
145114,10.966283770387127
145115,16.35600301575866
145116,24.451933740481387
145121,21.02557886089362
145120,22.86635060453534
145122,19.688163436031456
145118,11.18637045324223
145117,16.744867092400483
145119,23.433669519610717
145127,28.297841518558073
145126,18.19432498370437
145128,17.2432751574092
145124,8.779393881508
145123,16.394887268627272
145125,19.412101387419014
145129,46.58906878919795
145130,27.54762506875815
145131,18.503222438745606
145132,5.297412086106313
145133,19.587016404631513
145134,25.464117008796812
145139,33.3786084670062
145138,25.84622259194147
145140,24.421963681280875
145136,15.494170847548599
145135,27.765399126341954
145137,28.245542079418172
145146,42.979348655051815
145145,34.696221613360834
145144,23.062741985729954
145142,18.23343076991076
145141,33.28369716414956
145143,36.78771544376863
145147,48.64130247644635
145148,45.40434199029821
145149,30.606581302656167
145150,15.28104534676422
145151,32.252066857289186
145152,45.746070472451876
145153,59.23247291514642
145154,50.91966283666643
145155,35.003334157032185
145156,20.42502348141914
145157,34.05894419834935
145158,49.95983167637929
145164,69.97132165527552
145163,47.22980385330602
145162,36.611200586833334
145160,30.869655710398106
145159,41.57648161799725
145161,48.14991747369562
145165,67.59480831415938
145166,41.13028222015547
145167,35.54398605112619
145168,24.471950780499654
145169,33.42803362850114
145170,42.495059688349876
145175,57.23865691723539
145176,45.38761432115305
145174,31.645442943355974
145172,24.504864364663693
145171,28.960905340678288
145173,53.67744106715132
145177,63.014213559461105
145178,42.96263437722892
145179,31.341325971490598
145180,17.913607572217625
145181,19.87099924390924
145182,44.96848878714698
145186,45.42812870033575
145188,42.711243360264774
145187,27.15523047414663
145184,24.56089000898738
145183,21.306847795605243
145185,32.245234076673036
145193,39.405370447545664
145189,40.780661298758446
145190,33.55207759421516
145191,17.316957547685725
145192,13.972324904874618
145194,38.39187405055475
145199,41.14103453371477
145200,27.998401452204632
145198,23.33142909425861
145195,17.45902518401052
145196,17.744083914976176
145197,23.034618616537436
145201,29.25048473310082
145202,14.543721790605643
145203,19.267314563621866
145204,6.80232001062458
145205,5.868849438970326
145206,14.641673884070787
145212,36.03602385990945
145209,6.493758680931904
145211,16.177063604159805
145207,11.418181772289577
145208,8.82588772189929
145210,11.98838109319253
145213,24.843672773077074
145214,22.932564878161138
145215,16.711737704216553
145216,8.571613479249487
145217,5.047017551480383
145218,14.76212537417928
145222,28.43121425303982
145224,30.563907143806535
145223,14.287688776021641
145221,10.173514891155298
145219,9.62468399356959
145220,19.61666317939133
145225,31.966711805783664
145226,13.862355228992197
145227,18.03160665717293
145228,12.11484739745936
145229,8.045753993478574
145230,11.959259627223775
145236,36.914138475592395
145235,10.548318971173853
145234,18.64383132018886
145233,16.735089311677523
145231,13.510430608491328
145232,13.029942610995738
145237,33.95676746803253
145238,16.793193336291324
145239,22.861029399911725
145240,15.979184160398358
145241,13.263785120380792
145242,19.218716902079553
145248,34.13949047387878
145247,14.064466940087442
145246,20.920235988689218
145245,17.643850102681128
145244,15.548752048765138
145243,18.5885835714599
145249,26.92234670983106
145250,12.057543135578559
145251,19.706727803133425
145252,14.28675131308242
145253,15.946243792855554
145254,13.277062593908829
145260,25.418163681189032
145259,13.506986443354245
145258,14.907932087974551
145257,11.431939701371672
145256,15.653468673032279
145255,19.30974425687624
145261,15.742413122164827
145262,13.423455696658339
145263,10.577972822834735
145264,2.003226142495498
145265,9.345002497513946
145266,13.995936376627158
145272,1.1962625719544748
145271,6.1851077223369755
145269,4.921599525989094
145268,1.708906851109111
145267,7.8768849798908525
145270,5.537425194807837
145273,15.87021977640964
145274,9.425372690193914
145275,3.740507174423281
145276,-2.4576116135496644
145277,4.195403336176624
145278,12.09129743736049
145280,13.845513684023114
145279,18.29175345186875
145281,14.077283295800218
145282,0.4954830668148791
145283,10.840752902419755
145284,15.364902684018547
145288,22.24241745792086
145287,19.824949726227587
145289,19.7136039344594
145285,12.73810554984127
145286,20.97316956504089
145290,13.43947483754555
145296,30.119811919528356
145294,21.14880977807123
145295,23.929190718537342
145292,12.979141918121183
145291,29.212592132088535
145293,23.819798983598382
145297,49.60728241201611
145298,31.601800889278127
145299,24.861321710074144
145300,17.92632811652136
145301,29.85906930543276
145302,29.899228359995334
145308,52.935366950524596
145307,35.451540376031424
145306,31.51330618147555
145305,22.718217408415367
145303,37.60475038557556
145304,36.19239552178997
145309,59.08288886706366
145310,38.392005350060224
145311,31.865732200218147
145312,24.019280268097077
145313,32.22930515586907
145314,40.86713515264027
145320,52.73515889144918
145318,32.265295259837885
145319,31.38658783300047
145316,22.091806737730185
145315,29.937606908957196
145317,33.857992479306844
145321,57.45010244494281
145322,33.42179625887852
145323,29.927280373969506
145324,18.33089094066318
145325,18.810456840009298
145326,34.402927090546406
145332,78.85674759646376
145330,30.51307659881057
145331,27.898772578538146
145328,22.408807830528183
145327,25.28189979215747
145329,30.07348478332166
145333,72.2266923667015
145334,28.306887395925685
145335,22.709344585994156
145336,17.93338317591702
145337,18.9508835318082
145338,28.939870752359035
145343,69.2998254401814
145339,28.77235499309057
145340,23.543150265591834
145341,14.942082676802965
145342,16.96538255961014
145344,27.218196043946023
145350,31.998191789214737
145349,22.247875006228583
145348,18.805906193154215
145347,14.978097976540477
145346,13.965639200893953
145345,23.804793959748206
145351,28.441611655427028
145352,17.895112997036563
145353,16.858807035939634
145354,11.684431479252012
145355,6.3842474188975515
145356,19.573541792000036
145362,31.313275082979537
145361,17.488328635363576
145360,14.884639796798883
145359,7.930871870404583
145358,6.553502363815898
145357,18.676604708341074
145363,26.836779951428014
145364,17.501226723103347
145365,13.929699113443895
145366,4.450590654726008
145367,7.53071853164741
145368,17.47757020341701
145374,31.725580183165135
145373,18.889494066687604
145372,13.792595140982296
145371,7.836585594218111
145370,9.16356065879048
145369,18.659968665619928
145375,36.7791606096594
145376,21.764245165823585
145377,16.616286990665653
145378,12.746244430577415
145379,13.725002615390636
145380,20.182893837936913
145386,43.3806531991995
145385,25.587393831587526
145384,19.3278729895458
145383,19.020144133937272
145382,17.848503952324936
145381,24.736177733496344
145387,27.898659098116433
145388,24.702292435647436
145389,19.009083175799955
145390,22.380527544380598
145391,18.930011378279232
145392,21.32880476542671
145397,-3.471899688295788
145396,14.303289239796932
145398,11.116039240141443
145394,13.344111314336955
145393,15.13927942121865
145395,10.0598493441076
145399,-12.622325212179511
145400,3.5551933728487697
145401,3.512174988707571
145402,7.512086237263918
145403,10.781993014493136
145404,5.308193408628051
145410,-10.645263724004876
145409,4.81486987930513
145408,3.627010045640392
145407,11.901306035970055
145406,12.981003021484565
145405,7.638329857436627
145411,-10.40369058014063
145412,9.923804053333374
145413,7.25683439812074
145414,17.439440430624437
145415,13.304794296481637
145416,11.5339119200164
145421,-4.855556529438578
145420,14.462747519011184
145422,11.71508925712616
145418,22.778224793414694
145417,16.34551632729817
145419,14.392795305860098
145423,-2.89800262309128
145424,17.140546721562192
145425,17.103477723652976
145426,25.766759198447513
145427,19.38820512751514
145428,13.151249106044009
145433,6.9140111457743085
145432,21.210253651301898
145434,24.11494009701932
145430,27.04668388119642
145429,23.24449626370719
145431,19.782808740343633
145439,15.015720833669604
145438,23.67928893956981
145440,29.824541541740967
145436,31.428092815215038
145435,34.56307943738784
145437,27.899186839233867
145441,47.23571368237149
145442,42.913648952310574
145443,43.79992590065937
145444,39.50425681585746
145445,52.00127256159251
145446,45.01557639228727
145451,77.71232817387823
145452,46.52502406131128
145449,52.69141211146801
145448,46.159115874148924
145450,59.78072058056925
145447,55.249779557087635
145453,80.60420049113893
145454,44.42177249472519
145455,46.025376830553974
145456,47.331408174376335
145457,57.62530592394202
145458,42.101601112030096
145464,73.80425000137234
145463,41.688742006979226
145462,42.219347959661995
145460,41.771555910216236
145459,50.045333297173
145461,41.23014320239962
145465,78.1814641693554
145466,36.810451308961454
145467,44.11925109647068
145468,30.808915352323403
145469,45.50237572386612
145470,38.3030542473114
145475,82.9560329281905
145476,35.72937522766853
145474,36.74382121108924
145472,28.627968315781633
145471,39.84750634191885
145473,37.67992523426428
145477,85.54214278740898
145478,33.792975998638134
145479,37.296271772556096
145480,29.277736399544835
145481,36.27186884056226
145482,34.28759143324102
145484,77.51928022008072
145483,36.49832803083787
145485,37.19202507127399
145486,29.31354654174055
145487,24.000452584069563
145488,32.032517005602756
145492,65.84504458174717
145491,25.71117768964731
145493,27.256588376096932
145489,26.55364270714001
145490,14.89455277126996
145494,24.09337528596142
145499,59.365507416034575
145500,21.070015569213552
145498,24.295286476543936
145497,24.577261525159813
145496,13.939177940818333
145495,25.33852776053953
145501,56.90120814947439
145502,22.01473614629117
145503,27.20669579446207
145504,21.918106731593568
145505,13.714410292978963
145506,21.960906582503917
145512,35.79755061722686
145511,22.510409895479604
145510,24.889950525519566
145508,19.912352900256593
145507,12.989214344987113
145509,26.09719806049348
145513,46.499621204584194
145514,22.891887498507245
145515,21.942003588940544
145516,21.290607396950517
145517,14.726787844472625
145518,23.57067116980435
145523,48.30242600617703
145524,23.760138641670125
145522,20.172477437628594
145521,22.979189832927737
145520,17.077960282992116
145519,25.82525270300974
145525,50.56514482022423
145526,24.509238700114725
145527,17.69698261657608
145528,24.627448888855994
145529,20.24291337417496
145530,25.71747190622706
145536,38.83318576487615
145535,23.57225156017208
145534,20.950042326319625
145533,23.621473403322774
145532,20.638085627697365
145531,24.74396415365889
145537,2.939075363708729
145538,4.2740057480471165
145539,6.575257963296393
145540,19.01926705027291
145541,12.464283478613059
145542,7.357857737657062
145546,5.55278366336594
145545,-5.0088001345395865
145547,-4.05323906330651
145543,19.908077909667277
145544,0.2732778827142104
145548,-0.25545429560638944
145554,2.2806272616837333
145551,-6.361911753375748
145553,-5.726848009013272
145552,19.43981275511399
145549,0.6126803057835808
145550,-7.085564049716988
145555,3.8487220862213096
145556,-5.183243823864617
145557,-7.4767920478078
145558,19.910339857471264
145559,-1.3848413515093814
145560,-5.782807264743791
145561,7.1318392147651455
145562,-3.6476233704739585
145563,-7.895546181043158
145564,19.30176093399383
145565,-0.9009662511576124
145566,-6.24166215008604
145572,8.406802794080134
145571,-6.193333368259731
145570,-2.7738985388272512
145568,21.692271981973395
145567,3.282209196787081
145569,-8.53058064226093
145573,6.443150641479495
145574,-1.5515440770141105
145575,-1.4094032117807966
145576,20.20195181454394
145577,-0.01043302066968188
145578,-2.690950860907167
145583,3.9768388261731573
145584,8.183393073011382
145582,6.052630361631547
145580,22.430071376275027
145579,10.361641237440788
145581,3.5138353765628647
145585,30.523319187888575
145586,30.193802790858804
145587,20.53173874170812
145588,31.37834030071943
145589,27.351682493401157
145590,28.88945790252057
145594,56.06177649728873
145596,37.73462528909249
145595,31.748902194835956
145592,37.93530713009074
145591,36.47792582996833
145593,36.24972119513893
145601,50.9712075551987
145597,31.16538432827791
145598,31.52864190678489
145599,29.50058283888641
145600,21.069288592889563
145602,34.486741846101815
145607,39.555093470202884
145608,28.359114637376464
145606,23.44844444574254
145603,16.732833857299457
145604,15.561420544194979
145605,24.955839262164503
145609,41.5481085565567
145610,25.974823633180947
145611,22.649511786948757
145612,14.529566880821273
145613,9.699513883365183
145614,25.549603589948976
145620,36.92797492028921
145617,21.24606584571538
145619,21.488121927675177
145615,17.82537951168751
145616,16.675878043381513
145618,23.261171634799947
145621,31.265996028265445
145622,22.17950624100983
145623,20.14115002685755
145624,21.941303947288638
145625,12.327746750760321
145626,24.519536319752163
145630,35.50983517800952
145632,22.682952139665527
145631,20.518379441692808
145629,15.790209762111703
145627,13.59176051926385
145628,25.702131695282286
145633,35.46313109651588
145634,30.503401237503077
145635,14.249342655501636
145636,21.708617720398834
145637,12.836368371364845
145638,31.29395302044674
145644,38.96242518354241
145643,27.759330785308265
145642,15.403714705009968
145641,17.53336130822189
145639,11.755694116157285
145640,31.898944861194952
145645,41.47066214431388
145646,36.842331726160694
145647,15.121650676897964
145648,20.58815751259204
145649,8.739861003805077
145650,33.80039794570964
145656,46.393474439407356
145654,37.7113802779855
145655,13.348881584203562
145652,24.53161840079758
145651,9.820864204772178
145653,31.576030744436423
145657,43.8918035223283
145658,35.11514809860698
145659,13.42083533417619
145660,18.102366888608305
145661,12.537440793289827
145662,33.31383271126042
145668,44.52432897076807
145667,23.361879084688766
145666,15.135604166925372
145664,21.482994669551772
145663,12.410779558703085
145665,26.852809953173825
145669,39.83318438706438
145670,26.951604726322195
145671,13.530656269169576
145672,20.617193682101977
145673,9.806694961086528
145674,28.657813466237442
145680,35.09380467950905
145679,27.329447636305424
145678,16.176874419283113
145676,20.17853092996455
145675,9.342201262744494
145677,26.4936739890201
145681,7.1042820974690795
145682,9.416590980870355
145683,5.523106842488989
145684,11.609883330365932
145685,2.7326612874698473
145686,14.034963935289847
145689,-6.927141758121504
145692,2.037329916530881
145691,1.805387347949134
145688,8.85024354493452
145687,0.355663039820862
145690,4.658090546326702
145697,-11.132002744670075
145693,7.326867166675165
145694,4.588301353651284
145695,6.025698531744084
145696,-1.2078807426525673
145698,7.62513282654698
145703,-10.960230589073532
145702,2.098682624953357
145704,2.1636514658111725
145700,8.696493643624262
145699,-2.3646031972328334
145701,0.9160858158359995
145710,-6.984315064921824
145709,2.485186878788892
145708,5.585647785666705
145706,8.633795659967266
145707,-1.027226046233225
145705,2.513537625204054
145711,-2.9630057881528975
145712,3.1011649525779186
145713,6.181323419998891
145714,7.317994120182855
145715,-1.388668467248392
145716,1.590145294968952
145722,-4.397489720941922
145721,3.684104497056551
145720,9.060405413561881
145719,10.745223456143966
145718,6.188868765793014
145717,5.392467007293645
145723,12.111164420494832
145724,8.919696126115683
145725,17.031018190975033
145726,13.130787286596686
145727,12.135462385319599
145728,9.113941868492041
145734,28.514887279686604
145733,16.24921816668281
145732,23.60870552859423
145730,21.027105514878677
145729,18.0196207627281
145731,21.13683105358788
145735,42.977497101430735
145736,28.031690476682055
145737,28.972491468448155
145738,24.731999813764137
145739,22.033898858813615
145740,26.381668932278036
145746,46.13407616940657
145745,37.35029227094101
145744,26.10686786344607
145743,25.416116513763797
145741,18.99856195780785
145742,43.665112997020145
145747,37.58913127395351
145748,37.98309814328079
145749,26.05934422741587
145750,17.003120633202062
145751,14.515854350504181
145752,37.41224051437346
145756,30.69788626743999
145757,26.928817064415274
145758,32.26420291232593
145755,14.64819919219118
145753,14.930028638202646
145754,41.95319810045228
145759,47.33816725317722
145760,35.52321136783611
145761,25.848138371711055
145762,11.108160053547461
145763,10.646722708671417
145764,36.76987651205759
145770,49.18969438379736
145769,25.035903192313274
145768,23.185104138192173
145766,18.654518277150302
145765,9.998479677592588
145767,27.74072245296305
145771,52.81659819469719
145772,37.18054108790081
145773,24.947256059535324
145774,12.791238880315685
145775,3.1642407463725686
145776,37.30908827052186
145782,35.67018153909341
145781,18.523500825025295
145780,12.478165270085254
145778,9.628005171475802
145777,1.1853551445251496
145779,22.854862810748493
145783,43.06806865191413
145784,24.730001705687286
145785,12.667615129612738
145786,2.6699232951907206
145787,-4.768049926772233
145788,29.19239515168445
145791,40.4560819592938
145794,30.58186730847158
145793,10.181056874172501
145790,8.798002057391413
145789,0.4988314735169421
145792,19.08750341895604
145799,40.38015454780829
145795,28.404857666321
145796,18.48029767049032
145797,1.4517943773947106
145798,-5.657782897878555
145800,31.04401934174812
145805,35.97232580079254
145804,23.712041978119476
145806,18.905934619149214
145802,9.83765014996823
145801,2.8882049111312114
145803,23.52504395514636
145812,37.49830543884824
145811,23.491654672545017
145810,13.712122198912258
145807,8.878176359757177
145808,8.925433607255975
145809,24.606904198191728
145813,29.96200130183731
145814,35.79832648406429
145815,18.23908647017481
145816,11.97030879834008
145817,7.0558287852890995
145818,38.35435168331307
145819,29.36514589635377
145820,35.93335387577899
145821,17.9171928801194
145822,13.088208227290492
145823,9.714255823479107
145824,39.19774133955477
145829,1.3346121667420814
145828,18.90080363005817
145830,17.985693441049335
145826,12.991456584474875
145825,7.7298752736774565
145827,21.731112450535694
145836,6.456167262779212
145835,12.479788747994721
145834,1.3911354759119223
145833,1.1833623701594922
145832,7.94391136419444
145831,18.182152473406664
145841,-2.050315203908693
145840,10.050561071584944
145842,3.572239619339207
145838,4.093945237918816
145837,7.952573434283357
145839,12.595472839383248
145847,-3.099882761736221
145846,8.063163459665521
145848,-1.754935420747005
145844,3.515293864827136
145843,11.9545313134643
145845,8.423029962056368
145849,-1.3763197338132107
145850,10.160259245996361
145851,-0.57680524526286
145852,5.716449868835744
145853,14.899565099910685
145854,10.530876167692472
145859,-2.668938555647908
145860,11.497668354163899
145858,3.4919456242459077
145856,13.473969181721532
145855,17.51173452597284
145857,10.361491306121941
145861,-3.445706938900864
145862,12.927586089833595
145863,9.401471481675092
145864,20.875146306785783
145865,28.342442691403576
145866,17.86221422042581
145872,1.0657087120957227
145871,19.241106156279983
145870,20.05538725095571
145869,26.543101495076847
145868,28.29412053319932
145867,18.718384845621976
145873,29.90397822209962
145874,28.536488628583385
145875,29.113419272004634
145876,35.803933144597224
145877,44.78655914026743
145878,28.928967455953032
145884,61.870042592663154
145883,42.46332067235052
145882,44.99660847225047
145881,45.20305854968626
145880,50.322105083375924
145879,41.073483007945214
145885,80.66331397252966
145886,39.19430386009088
145887,40.559404479843664
145888,41.86469397308329
145889,47.31749234858959
145890,37.25509848018547
145896,80.58527264439658
145895,33.83998765447472
145894,46.90228329767367
145893,41.618679960387894
145892,36.48601909470701
145891,40.80071056019015
145897,91.01251794936582
145898,31.95677996622426
145899,42.10874809483924
145900,35.39156414210777
145901,31.404330046172664
145902,32.9633939324968
145907,82.73486021278485
145906,35.4994454016086
145908,45.65178232203554
145904,31.723898941152015
145903,35.451057112751116
145905,38.40012582968792
145909,81.99349235497566
145910,39.26936919799269
145911,39.367664569173904
145912,28.824298273823402
145913,27.894522405819625
145914,42.40069611795883
145920,72.99630859694773
145919,32.57325373887696
145918,32.15634316168601
145917,28.937440151766904
145916,28.94620136491092
145915,44.52106325781923
145921,52.53716322234881
145922,29.04207996368688
145923,28.132502047416967
145924,25.076591318847612
145925,24.800799645454063
145926,30.202243480474998
145931,56.85250924729511
145930,30.764962941226614
145932,28.5887247535508
145928,25.444962490297407
145927,25.271528469820304
145929,32.37086168680974
145933,59.919700064819715
145934,31.665760768927406
145935,28.776648753605176
145936,25.783917329891743
145937,25.854624349694753
145938,36.649267874981206
145943,60.86204209282729
145942,33.73002402200002
145944,31.1152433033074
145940,27.58511980874799
145939,28.842484078219663
145941,36.05422159764307
145949,66.33405462617665
145948,38.166883751979015
145950,34.976366800678335
145946,30.612726883404292
145945,30.576923762145498
145947,37.47781948017842
145951,70.60389678626552
145952,41.288845289574915
145953,33.767892292791366
145954,33.96225141343293
145955,34.68411454272448
145956,40.40346406223068
145962,77.3785368899349
145961,42.77562648372792
145960,37.328971483991296
145959,37.380180636046575
145957,40.61175701561618
145958,41.7972280998573
145963,81.30485703786161
145964,39.31225396548727
145965,36.73974824859876
145966,37.87190780362702
145967,40.76554358054531
145968,40.045590806438256
145969,50.433307273979494
145970,17.91207699191142
145971,20.80226001527766
145972,28.25424775512159
145973,26.432923764643874
145974,20.454760882541017
145980,27.10432733880615
145979,-1.6523566237164022
145978,14.056945067616818
145976,23.120543890847184
145975,15.139483227598296
145977,2.5190400906684047
145981,14.385161517780617
145982,-0.1912528352140388
145983,8.935280882880013
145984,21.82535464817918
145985,9.496779892455383
145986,1.716850446755517
145991,18.88982987520669
145992,-3.819294927469545
145990,7.170268858902025
145988,19.769685647355786
145987,10.029176787536858
145989,-2.1224316908793277
145993,20.258140795634155
145994,-8.605495995541926
145995,6.912009868327356
145996,19.75668229893661
145997,9.04311982473134
145998,-7.319666474605957
146002,23.163767473481705
146004,-14.479891337134642
146003,7.650854176551269
146000,17.484814068852813
145999,11.775824328848637
146001,-10.105088415599166
146009,20.31552787629382
146005,-14.64306936611175
146006,5.106775335174133
146007,20.84899264457322
146008,8.884471512385229
146010,-16.323267646955486
146015,19.743745231929353
146016,-14.167981777539765
146014,11.721628796405001
146011,24.081731885127255
146012,11.39350154714317
146013,-8.794518386674133
146017,52.35702357358487
146018,14.304086572790814
146019,29.801817138553854
146020,31.909326646872145
146021,35.10243521895329
146022,15.153172952745146
146028,73.83767134640426
146025,32.45886527753919
146027,37.35137192772257
146023,43.04873733510508
146024,40.503066991183815
146026,32.52735296693207
146029,71.60264777095682
146030,21.14894658885275
146031,31.329512863922403
146032,35.684116275605824
146033,38.21479407956777
146034,23.574424204497646
146038,22.1525586018076
146040,14.63253258337471
146039,24.370679725059958
146037,22.49026102561156
146035,24.758180179352124
146036,15.677024516109846
146041,7.018556920355069
146042,12.702819391969596
146043,17.387125204834767
146044,11.843965479905231
146045,7.431080565669948
146046,10.47427578520146
146052,6.656973767247964
146051,6.7233136216552625
146050,16.44299827151726
146049,10.061743910175597
146047,4.780483545595699
146048,10.140981152952133
146053,10.717183946923518
146054,5.9170387427533235
146055,11.839864861179958
146056,15.666537088360496
146057,5.19295689518524
146058,6.254700655720085
146064,10.448079513094545
146063,1.6229225574215445
146062,15.100294765274466
146061,14.480567799451574
146060,-1.875954330796083
146059,5.679871152093277
146065,9.96605790237355
146066,6.202856485381051
146067,5.984298595534595
146068,14.627076806747574
146069,4.3484279352291955
146070,5.026521560783164
146076,12.892672003795315
146075,8.82491047816753
146074,10.068791992853868
146073,11.003221639745163
146072,2.498164169975688
146071,8.217435569461447
146077,15.684906223121294
146078,9.1129554384753
146079,6.981837794842912
146080,12.490108140543748
146081,8.953678111450593
146082,9.475059220159498
146088,19.71761836880887
146087,12.796470417899886
146085,6.253450980235686
146084,10.596212124340768
146083,5.63724439647123
146086,13.044290658099987
146089,27.05455619806562
146090,14.461098193447654
146091,6.395211376316891
146092,12.496805198972737
146093,4.710337053152376
146094,15.50079286354518
146096,37.05731622934851
146095,17.22323756548775
146097,8.979416875809175
146098,13.763589359072952
146099,5.354461332510732
146100,17.39140908946594
146104,37.888605205151535
146103,18.940637228683787
146105,14.976029743923199
146101,16.002132831533068
146102,11.710857753569401
146106,22.551754415886982
146112,39.037407324410715
146110,21.034542622702073
146111,11.002009657044066
146108,8.904997145029217
146107,3.9144100282352268
146109,17.76700843480569
146113,-2.2345208039738367
146114,8.209635239447874
146115,-8.422851276698037
146116,-14.565549869213891
146117,-21.153711505260496
146118,3.125796554133281
146124,-14.713597097358676
146123,-17.907710415379306
146122,-23.222871319990894
146121,-22.836119938917403
146119,-37.23779516633668
146120,-10.512299857481388
146125,-12.528222475226022
146126,-14.687850944536448
146127,-24.62191181696909
146128,-18.64972763879556
146129,-41.93281040394548
146130,-14.260668140721704
146136,-5.131469025255795
146134,-17.65914527262524
146135,-22.105217623546935
146132,-9.300176931590535
146131,-32.36019630870362
146133,-17.73189769025331
146137,2.477091253836564
146138,-9.588958839954778
146139,-17.503276864031413
146140,-10.388580726296144
146141,-25.441850687995156
146142,-8.329753574011285
146148,5.076669557378853
146146,-13.800506684132884
146147,-15.227050164122836
146144,2.6473052486458943
146143,-20.099406887021974
146145,-15.163469989781756
146149,5.530667614000623
146150,-14.335352566218239
146151,-16.38372980200495
146152,-3.228011810996601
146153,-20.881111236554137
146154,-13.89731538192844
146159,9.070930351969182
146155,-7.721409708463218
146156,-5.890203924399776
146157,3.950188476120667
146158,-14.306734539186722
146160,-7.580457510353158
146166,43.78255179187255
146163,23.465114543090223
146165,14.772469561117571
146164,21.73633916545505
146161,18.56886890351248
146162,26.751443813957465
146167,90.59700678867628
146168,44.19140209911883
146169,31.96965624371941
146170,33.45940773636355
146171,34.48776016276696
146172,44.02480803596201
146178,85.68280040041718
146177,33.61531150686264
146176,29.143750905596086
146174,30.60694150804821
146173,33.19036908224096
146175,37.329510859440184
146179,70.48640900935516
146180,31.43251084677976
146181,25.651861478072114
146182,27.427360837907848
146183,29.102606879352564
146184,39.134991126377955
146190,55.295005575537004
146189,32.367209777479424
146188,25.854627170039592
146186,29.612210439951674
146185,31.49681402877971
146187,31.828568209894616
146191,48.821221052737506
146192,22.339960803385235
146193,23.208823050363108
146194,33.3408825279444
146195,32.53919084746928
146196,24.599471466787268
146199,34.40813903333423
146202,17.563804880888533
146201,27.224899605099818
146198,28.54369236588022
146197,26.651660439263487
146200,25.002407151990447
146207,34.449872806910165
146203,16.297325447714854
146204,21.279149052064582
146205,28.693199929025603
146206,32.230890330137036
146208,18.84095817032618
146213,39.74850487197995
146212,20.242705304930343
146214,17.035577118176477
146210,19.9901389153975
146209,16.185594998535368
146211,17.668740308957005
146220,41.44386997858915
146219,17.41381123522695
146218,19.581817587885446
146216,16.767025953639074
146217,16.22309967393796
146215,19.904609857767312
146221,39.831117446074714
146222,19.666189080254426
146223,19.598093399565126
146224,14.224664108382182
146225,16.412252795320484
146226,22.997940379708787
146232,44.89352248474303
146231,24.212608348403954
146230,22.412723338703984
146229,15.881285513105727
146228,17.682905890049682
146227,27.337385915934888
146233,42.285065186596256
146234,36.96980357191003
146235,24.442422649020216
146236,19.463038585592415
146237,18.28871843348618
146238,33.482837820843244
146244,46.0493671716242
146243,33.3142495375381
146242,26.053056473651175
146240,22.545762361650556
146239,17.329269965363913
146241,31.918627512810488
146245,44.65006577618601
146246,34.06064621995236
146247,26.61804834929049
146248,25.9893455422934
146249,21.397903154191503
146250,35.50042151173332
146256,43.11032709301411
146255,31.51328009297403
146254,28.210642071417112
146253,26.343802771746137
146251,25.86042381408333
146252,35.20307055327087
146257,-2.5367451362467373
146258,13.640260939593995
146259,13.28071227805757
146260,18.96758504226252
146261,17.609627106655747
146262,17.803061806959597
146266,-14.00118422149473
146267,-7.959559889111736
146268,0.6398969779932475
146265,12.514058486635175
146263,-3.6173384908894324
146264,-2.948154775066162
146269,-6.208739973578206
146270,-2.8972960968984776
146271,-1.3219449161543384
146272,14.049336289020493
146273,-7.5959697750732875
146274,-3.4316240570195564
146280,-3.2763213225304435
146279,-7.465932897148381
146278,-2.328677588611572
146275,13.031788590863004
146276,-9.193686285582618
146277,-7.178677298575394
146285,-1.980896123877936
146286,-8.847496635929136
146284,-1.4475626607176082
146281,10.934822606184696
146282,-9.783129252927683
146283,-9.380244858814617
146287,-4.531417660530164
146288,-12.736728749308043
146289,-3.2287733989747576
146290,7.9326702685231405
146291,-13.830894726993437
146292,-12.593934505835607
146297,-6.864945506164636
146298,-16.83379435296819
146296,-3.7395022576253494
146293,6.338018981105293
146294,-16.654069720234617
146295,-15.5009906473943
146299,2.7796624452381646
146300,-10.938215807833764
146301,0.8187883798145892
146302,6.759363975174149
146303,-11.287541837033787
146304,-9.776989799422756
146310,25.795344628678585
146309,14.518755007922202
146308,17.594410895629682
146306,20.631163896213998
146305,15.72587629701555
146307,18.919224420217024
146311,54.31140610646622
146312,29.47198489298842
146313,30.3157400674818
146314,29.51647985645159
146315,27.703409778676935
146316,33.15819869513408
146321,42.26834629502932
146322,27.44169490042141
146320,26.995209387017454
146317,28.891465708069948
146318,22.377138037712133
146319,27.694791008842554
146323,27.70443730660014
146324,21.494859401721364
146325,21.61453458857516
146326,23.625243429215338
146327,19.26419494280644
146328,23.39370954914596
146334,15.777103368607554
146333,11.863405647530772
146332,18.118262804016886
146330,17.2758335637934
146329,14.404212719159299
146331,10.639671828070702
146335,13.027555885847978
146336,9.120953495465995
146337,19.06320252023744
146338,16.589748924957572
146339,14.391384541260443
146340,10.270601209368309
146346,15.404684606313799
146345,10.863101362949902
146344,18.412935301353453
146342,16.093160327803137
146341,9.523403031243898
146343,10.311047661596085
146347,17.145133562647516
146348,7.195723966409789
146349,19.340195352308317
146350,16.6630697644504
146351,12.542743162261647
146352,8.89812584120757
146358,22.511179035929096
146357,2.065378882995642
146356,8.521970031293158
146355,6.999492706285572
146353,-0.5992836706262095
146354,3.637901053776729
146359,20.211746846902958
146360,3.214690063226845
146361,10.651973096511146
146362,5.344442359913393
146363,-2.4858821988446893
146364,2.3016396374747963
146370,18.676577413665317
146369,2.651514035353266
146368,9.168807236567302
146367,6.148372277676565
146365,-5.12174400417621
146366,3.5395085796765438
146371,17.57185515034851
146372,3.797044966098028
146373,11.704958581798548
146374,4.353913643718514
146375,-4.8267679799661645
146376,2.887368212011951
146377,20.377251216323636
146378,3.9269031144936166
146379,9.950406254017626
146380,3.631996428478441
146381,-3.4485348254788715
146382,3.451564404789745
146388,19.218610758596437
146387,1.4184762781108917
146386,6.411050337464146
146384,4.210832570397813
146383,-4.56437309566068
146385,5.748711191814379
146389,17.123411041182152
146390,4.11602889191216
146391,5.755204281498068
146392,4.905095512127555
146393,-1.681361675499776
146394,5.210374911635998
146399,14.149696518016128
146400,0.8497613049830779
146398,5.644221937542861
146396,2.2923200161305477
146395,-4.046779926988587
146397,3.1023265477140116
146401,-14.179249780985035
146402,-8.515403895192652
146403,-1.4050320614902336
146404,-1.067297167888369
146405,-8.042123348042116
146406,-4.139909800989871
146410,-19.066993910473688
146412,-10.920055029174698
146411,-7.942292613419358
146408,-4.812633046800341
146407,-16.028824826061932
146409,-9.860397948342033
146417,-27.372319224327015
146413,-21.273676177987056
146414,-10.22826382966607
146415,-7.220803781172226
146416,-22.896215010845502
146418,-20.952763673766462
146423,-30.209344687318797
146424,-26.745674022796322
146422,-15.047138851116157
146419,-13.944574666639115
146420,-27.780384352997174
146421,-25.80712571464187
146425,-30.47975177864219
146426,-25.05778938998577
146427,-15.938324309061821
146428,-11.683070142289274
146429,-28.88340654326924
146430,-25.083110880643236
146436,-23.75775553091143
146433,-24.955961573512113
146435,-19.177865779706487
146431,-18.862165797154745
146432,-25.10587964751138
146434,-24.088340927158672
146437,-23.004153075950843
146438,-20.967272706950727
146439,-12.742937291604456
146440,-12.17810999648616
146441,-23.274929263958587
146442,-23.43842162577046
146446,-4.569200183084503
146448,-17.982770074655846
146447,-9.17593171995158
146445,-11.038660878329544
146443,-20.747075427744058
146444,-18.913029740090295
146449,3.9676146377740578
146450,-12.450019811073274
146451,-5.392695511595995
146452,-7.997420134041645
146453,-10.390944063029648
146454,-13.45341888862338
146460,18.26012406329874
146459,-4.053994169450078
146458,3.8212122969087225
146457,-0.8634673743940242
146455,-9.17921230736566
146456,-5.8706671886737665
146461,17.809982593781555
146462,-4.143230249888599
146463,4.40588312582002
146464,-0.2203249503393927
146465,-7.362965234923865
146466,-5.0051554968664185
146472,14.507615832339686
146469,-3.282587784792149
146471,1.6383231198379273
146470,-0.38978953980612996
146468,-11.815818827986492
146467,-6.5880078464257625
146473,9.333415420592381
146474,-7.681061671444281
146475,1.6064230640758765
146476,-0.347089368112095
146477,-13.993174040030397
146478,-10.074856349894906
146484,5.609504125352968
146483,-7.865445354198261
146482,1.5621151818999826
146481,-2.806399350564539
146480,-16.53758845949751
146479,-10.721226602278625
146485,7.155623284831998
146486,-10.007630866195818
146487,1.3363461150341944
146488,-4.249416804683005
146489,-6.4683154469243895
146490,-12.79946770575904
146496,2.8515722318851804
146495,-8.35440836751946
146494,1.1415856530150874
146493,-0.9514998292096122
146492,-12.269403705234389
146491,-13.417938693079835
146497,0.2629608731024309
146498,-20.65004954148896
146499,-8.336063316930845
146500,-11.338127629971803
146501,-22.45245080554287
146502,-19.429422322186173
146508,-1.8487180298931118
146507,-18.638379121472674
146506,-8.996815734460867
146505,-8.323528670423398
146504,-23.922400902850814
146503,-19.62657502156776
146509,-2.1193895497872006
146510,-20.421971270077552
146511,-7.486311039989544
146512,-11.70268121296825
146513,-18.89925726190358
146514,-21.63169737697015
146519,-0.7924321640418412
146518,-16.184548538317014
146520,-10.753850357161266
146516,-10.38126468962899
146515,-20.62013079551643
146517,-15.45664899703429
146521,1.7249199872706171
146522,-16.399512643041447
146523,-3.570098446862625
146524,-7.079001498954456
146525,-18.53343153629907
146526,-17.68963753007609
146532,1.1081607167934244
146531,-15.073039026916025
146530,-4.910094621676347
146529,-3.3173474820189837
146528,-18.60535971859345
146527,-15.88230323972703
146533,5.337528122995148
146534,-12.71103355810222
146535,-2.6325287694545265
146536,-5.642320035219416
146537,-19.61388085832993
146538,-14.526814055919845
146543,4.483150939404576
146542,-10.47770286626778
146544,-1.392904597316078
146540,-7.399856803515965
146539,-12.976852907414695
146541,-6.658742672538169
146545,-2.8402056261929403
146546,-8.425718302605619
146547,-0.6561817178677662
146548,-6.782081368176993
146549,-19.935318241892258
146550,-7.992548836258679
146555,-15.269891880909526
146554,-13.16887199575684
146556,-4.8405452197884795
146552,-17.369605534696753
146551,-18.434765000955895
146553,-8.41821692332672
146561,-18.730842785089425
146560,-13.721493947323243
146562,-9.639806373279665
146558,-18.223850766288404
146557,-18.39704415758158
146559,-11.35388968905619
146563,-12.43088248849514
146564,-4.923792621883126
146565,-9.264022545342748
146566,-16.60438198508745
146567,-18.963469821466553
146568,-6.414491102442306
146574,-11.033999580851798
146573,-8.251258217501677
146572,-11.873841287713105
146571,-10.359771906859304
146569,-10.634376774887183
146570,-4.390745191873234
146575,-9.565013420776875
146576,-10.701238965531918
146577,-10.326230581199008
146578,-7.044182131408082
146579,-7.5912701917512555
146580,-6.63192340510023
146581,-3.212143515314591
146582,-11.339130263754134
146583,-5.937047657865554
146584,-3.6152134438558114
146585,-3.019598190017395
146586,-10.703010493721315
146592,-8.658926777430988
146591,-8.438108401097635
146590,-0.22954297956395742
146588,-3.1887199950920095
146587,5.969091279110215
146589,-9.641013045166723
146593,19.216367200549655
146594,-6.4510536672801475
146595,7.228625676063815
146596,6.513333850871375
146597,13.142649764367071
146598,-7.00811588391678
146603,40.62469022847445
146604,2.0922970943323733
146602,14.551142051163465
146600,9.057671342051203
146599,25.820486935524357
146601,6.1528518491842235
146605,47.69007962634487
146606,1.6182937409332903
146607,14.427845746451574
146608,13.71069550128878
146609,18.50441079486219
146610,0.5664170977254308
146614,35.59530421237883
146616,-1.492690674804206
146615,11.818611402715485
146612,6.399064188628786
146611,22.721750756531243
146613,1.000283207732811
146621,27.387716766586987
146617,12.061222151270563
146618,5.815407263021895
146619,6.965390522028104
146620,2.15864205825598
146622,-2.8252482651019415
146627,-9.191379362054017
146628,-2.9018974481016073
146626,7.320350281380191
146624,5.0655370266133035
146623,-4.8630254684609175
146625,-1.3225780959616982
146629,-1.7160888297759813
146630,-2.2198690801084657
146631,6.108669555636346
146632,9.735860329632548
146633,-0.6023123894114262
146634,-2.7238468963033142
146640,-1.2928030884528914
146639,3.31389518234524
146638,8.76613710021158
146636,7.613771918258517
146635,-4.700384657262822
146637,1.016201815982705
146641,10.614324524047895
146642,3.7717056032213856
146643,-2.8428818234905657
146644,3.358000911926145
146645,-6.202588518524971
146646,4.787004526923955
146652,17.60918282065284
146651,7.567654363986924
146650,7.965734839158439
146648,4.792593785926022
146647,-4.8960795858486685
146649,10.58904245151717
146653,22.201211023260484
146654,10.568220228126858
146655,-10.692552524922817
146656,9.99484689889257
146657,2.9210468018542395
146658,9.616502815540738
146664,27.635889134362642
146663,14.903526119073785
146662,5.03175971960837
146661,4.247741643233534
146659,6.421755592497503
146660,14.45215362264708
146665,33.61047445366244
146666,17.633467322360936
146667,-5.575998076123248
146668,21.281643971633123
146669,20.721461877092697
146670,13.228513004645137
146674,39.4843434408211
146675,21.60155326058845
146676,5.92200668724845
146673,10.458395024030667
146671,17.520423698566518
146672,17.60717213903453
146677,38.2776146373169
146678,19.806834155652666
146679,1.9845211354169656
146680,27.348157006017516
146681,7.01993381259757
146682,19.380241748609585
146688,43.39751038751051
146687,18.199473997357423
146686,13.567799152702369
146684,21.592314564781876
146683,7.587766953576029
146685,12.875520835350425
146689,28.8739610614076
146690,11.292489607874309
146691,-0.7899978872441018
146692,-4.178741472672943
146693,-7.446214190550228
146694,12.22974077279609
146699,14.266729709314117
146700,7.747925942877829
146698,-2.8161977581175197
146697,-8.991087319213175
146696,-5.41679773772781
146695,8.399522528880093
146701,21.659353990955864
146702,9.294008204862179
146703,-3.4838374155723644
146704,-6.476239432614462
146705,-5.4269733154158954
146706,9.371603468673953
146712,24.172973819709185
146711,7.210140320595839
146710,-0.924251976807227
146709,0.9894005437074664
146708,3.0587673072424746
146707,13.40602460954928
146713,30.45353160651556
146714,14.808593159031775
146715,0.10273699645156409
146716,4.537231298561357
146717,1.891138840088801
146718,15.478585738659161
146723,27.02989531651214
146722,12.598642982612972
146724,9.098808944928999
146720,7.206421562720497
146719,10.068640007653372
146721,13.486940148071703
146725,38.957753620991056
146726,23.32037958688656
146727,4.024362405357066
146728,6.197113258301209
146729,5.5355989425521255
146730,23.243887653932397
146736,42.81210667047191
146735,22.290144690740213
146734,9.609979082289627
146733,9.786426722587148
146732,13.643157466519625
146731,29.7783135945519
146737,58.77849712219553
146738,34.95574169698183
146739,18.822613412573578
146740,12.51930031945422
146741,15.471878666117526
146742,34.828781559306464
146747,67.2588281817898
146746,33.54552137317195
146748,29.291478242165127
146744,23.344122129082166
146743,25.455001663765177
146745,34.01572257930964
146749,70.80283578805066
146750,36.7983862092093
146751,25.335261960313154
146752,23.677231643331382
146753,23.929741043689848
146754,38.44089176501847
146759,63.23126459478099
146758,33.54859531790484
146760,29.29342605108918
146756,29.355151408973633
146755,28.617718567127042
146757,32.647890534357245
146765,61.678951145462456
146764,32.71741332731365
146766,28.567515774222564
146762,30.673479462197754
146761,28.33846491817505
146763,30.57376975178866
146767,63.91574913306377
146768,37.86346959151465
146769,26.194749774691342
146770,29.325050504353605
146771,25.250971157384782
146772,38.86002451884198
146776,63.95568725274859
146775,34.274381336501634
146777,29.28168979018733
146773,30.77360750508803
146774,28.90128141079162
146778,37.28537906014089
